4.41282	4.41373	4.41714	4.41507	4.41811	4.41968	4.41562	4.42505
4.47365	4.44709	4.45735	4.46518	4.46678	4.46215	4.46957	4.46769
4.38502	4.37987	4.37665	4.37357	4.37199	4.37399	4.37349	4.37162
4.24972	4.24567	4.24672	4.24510	4.24632	4.24290	4.24941	4.24757
4.37100	4.36886	4.35916	4.36207	4.35401	4.35150	4.35248	4.35260
4.37700	4.37236	4.37114	4.36956	4.36898	4.36697	4.36897	4.36460
4.39711	4.39295	4.39275	4.39017	4.38608	4.38508	4.38407	4.38929
4.50630	4.50577	4.49776	4.49570	4.49363	4.49375	4.48644	4.48878


1.29702	1.22629	1.28292	1.22690	1.22082	1.22058	1.25968	1.30579
1.28770	1.22418	1.21558	1.24206	1.22509	1.29390	1.21905	1.24422
1.28655	1.21064	1.20213	1.16494	1.21132	1.21739	1.25291	1.19224
1.16721	1.15839	1.18997	1.17467	1.19480	2.50000	1.18095	1.16931
1.36489	1.28500	1.27597	1.28751	1.31227	1.27505	1.27928	1.27484
1.31485	1.27693	1.26229	1.27238	1.23155	1.23348	1.24955	1.32685
1.43594	1.33694	1.34141	1.37025	1.30859	1.30233	1.33294	1.37783
1.32090	1.25774	1.24889	1.30664	1.25022	1.29510	1.24399	1.27021


1 1 1 1 1 1

8.984424594	8.930510408	0	0	0	8.908913407	8.823921862
8.942695917	0	8.941339519	8.936542044	8.898655207	8.924592448	8.905883464
8.90E+00	0	8.898047083	8.912115192	0	8.874885624	0
8.893631272	8.909448068	8.890787239	8.908408755	0	0	8.906458662
8.903780889	0	0	8.891484681			

920.36	915.59	904.07	910.73	904.48	904.29	928.99	940.25
1028.83	1104.08	1057.30	1026.38	1018.26	1039.18	1026.98	1056.55
891.82	901.20	916.86	931.11	945.92	952.31	954.84	982.40
972.11	973.96	974.19	984.29	981.99	990.67	973.19	986.80
811.12	814.10	854.11	846.60	880.48	891.09	883.04	903.58
816.38	826.10	820.85	818.34	822.25	831.32	828.80	857.12
808.50	814.85	816.01	819.97	832.85	838.77	842.83	840.88
789.35	797.60	824.47	830.83	847.00	851.17	877.39	885.47

58.02	108.62	96.15	97.89	104.34	100.58	83.91	60.82
49.56	107.87	102.08	96.56	98.45	91.66	105.41	94.34
43.56	92.43	106.55	100.72	105.46	95.61	92.83	80.53
63.85	107.31	115.10	106.08	109.80	89.54	96.29	95.11
-76.09	4.99	32.15	38.04	29.51	3.68	17.34	-9.04
-67.05	13.13	-2.42	33.36	-15.15	39.31	16.28	32.75
-38.09	-15.90	-50.72	-17.54	7.10	9.37	-27.15	-19.31
-58.44	21.63	-13.27	-2.68	-3.14	6.04	-16.01	18.34

0 0 0 0 0 0

-93.08499013	-97.50861673	0	0	0	-106.4864775	-77.14212164
-148.9272504	0	-134.3855078	-124.9355145	-106.8983732	-124.1425883	-116.4973634
-1.19E+02	0	-117.3815364	-126.1385415	0	-109.7501784	0
-112.2005758	-116.2653278	-106.7819032	-118.4400597	0	0	-112.5939135
-112.4158762	0	0	-106.4116254				

0 0 0 0 0 0

39.0 66.0 0.0 0.0 0.0 19.0
19.0 15.0 0.0 28.0 21.0 -18.0
25.0 -11.0 23.0 0.0 64.0 70.0
0.0 69.0 76.0 72.0 68.0 61.0
64.0 0.0 70.0 68.0

1 1 1 1 1 1
						
1	1	1	1	1	1	1
1	1	1	1	1	1	1
1	1	1	1	1	1	1
1	1	1	1	1	1	1
1 1 1 1
