#       energy         x-proj    sigmax 
#          MeV             um        um 
         1e-05  0.00059255376 0.00098402 
  1.023293e-05  0.00060161163 0.00099364 
 1.0471285e-05  0.00061066514  0.001007 
 1.0715193e-05  0.00061973367 0.0010207 
 1.0964782e-05  0.00062883447 0.0010346 
 1.1220185e-05  0.00063798288 0.0010487 
 1.1481536e-05  0.00064719265  0.001063 
 1.1748976e-05  0.00065647613 0.0010776 
 1.2022644e-05  0.00066584445 0.0010923 
 1.2302688e-05  0.00067530771 0.0011073 
 1.2589254e-05  0.00068487512 0.0011226 
 1.2882496e-05  0.00069455508  0.001138 
 1.3182567e-05  0.00070435537 0.0011537 
 1.3489629e-05  0.00071428316 0.0011695 
 1.3803843e-05  0.00072434518 0.0011856 
 1.4125375e-05  0.00073454769 0.0012019 
 1.4454398e-05  0.00074489664 0.0012185 
 1.4791084e-05  0.00075539767 0.0012352 
 1.5135612e-05  0.00076605617 0.0012522 
 1.5488166e-05  0.00077687731 0.0012694 
 1.5848932e-05  0.00078786612 0.0012869 
 1.6218101e-05  0.00079902747 0.0013046 
 1.6595869e-05  0.00081036611 0.0013225 
 1.6982437e-05  0.00082188674 0.0013407 
 1.7378008e-05  0.00083359396 0.0013591 
 1.7782794e-05  0.00084549234 0.0013777 
 1.8197009e-05  0.00085758644 0.0013967 
 1.8620871e-05  0.00086988078 0.0014158 
 1.9054607e-05   0.0008823799 0.0014353 
 1.9498446e-05  0.00089508835 0.0014549 
 1.9952623e-05  0.00090801071 0.0014749 
 2.0417379e-05  0.00092115157 0.0014952 
 2.0892961e-05   0.0009345156 0.0015157 
 2.1379621e-05  0.00094810749 0.0015365 
 2.1877616e-05    0.000961932 0.0015576 
 2.2387211e-05  0.00097599397 0.0015789 
 2.2908677e-05  0.00099029829 0.0016006 
 2.3442288e-05   0.0010048499 0.0016226 
 2.3988329e-05    0.001019654 0.0016449 
 2.4547089e-05   0.0010347155 0.0016675 
 2.5118864e-05   0.0010500398 0.0016904 
 2.5703958e-05   0.0010656322 0.0017137 
  2.630268e-05   0.0010814982 0.0017372 
 2.6915348e-05   0.0010976432 0.0017612 
 2.7542287e-05   0.0011140729 0.0017854 
 2.8183829e-05   0.0011307931   0.00181 
 2.8840315e-05   0.0011478097  0.001835 
 2.9512092e-05   0.0011651286 0.0018603 
 3.0199517e-05    0.001182756  0.001886 
 3.0902954e-05   0.0012006981  0.001912 
 3.1622777e-05   0.0012189614 0.0019385 
 3.2359366e-05   0.0012375523 0.0019653 
 3.3113112e-05   0.0012564775 0.0019925 
 3.3884416e-05   0.0012757438 0.0020201 
 3.4673685e-05   0.0012953581 0.0020481 
 3.5481339e-05   0.0013153276 0.0020766 
 3.6307805e-05   0.0013356596 0.0021054 
 3.7153523e-05   0.0013563613 0.0021347 
  3.801894e-05   0.0013774405 0.0021645 
 3.8904514e-05   0.0013989049 0.0021946 
 3.9810717e-05   0.0014207624 0.0022252 
 4.0738028e-05    0.001443021 0.0022563 
 4.1686938e-05   0.0014656891 0.0022879 
 4.2657952e-05   0.0014887751 0.0023199 
 4.3651583e-05   0.0015122877 0.0023524 
 4.4668359e-05   0.0015362357 0.0023854 
 4.5708819e-05   0.0015606282 0.0024189 
 4.6773514e-05   0.0015854744 0.0024529 
 4.7863009e-05   0.0016107837 0.0024874 
 4.8977882e-05   0.0016365659 0.0025225 
 5.0118723e-05   0.0016628309 0.0025581 
 5.1286138e-05   0.0016895887 0.0025942 
 5.2480746e-05   0.0017168497 0.0026309 
  5.370318e-05   0.0017446245 0.0026682 
 5.4954087e-05   0.0017729239 0.0027061 
 5.6234133e-05   0.0018017589 0.0027445 
 5.7543994e-05    0.001831141 0.0027836 
 5.8884366e-05   0.0018610817 0.0028232 
 6.0255959e-05   0.0018915928 0.0028635 
   6.16595e-05   0.0019226865 0.0029044 
 6.3095734e-05   0.0019543752 0.0029459 
 6.4565423e-05   0.0019866716 0.0029881 
 6.6069345e-05   0.0020195886  0.003031 
 6.7608298e-05   0.0020531396 0.0030745 
 6.9183097e-05   0.0020873382 0.0031187 
 7.0794578e-05   0.0021221983 0.0031637 
 7.2443596e-05   0.0021577341 0.0032093 
 7.4131024e-05   0.0021939603 0.0032557 
 7.5857758e-05   0.0022308916 0.0033028 
 7.7624712e-05   0.0022685435 0.0033507 
 7.9432823e-05   0.0023069315 0.0033993 
 8.1283052e-05   0.0023460716 0.0034488 
 8.3176377e-05   0.0023859803  0.003499 
 8.5113804e-05   0.0024266742   0.00355 
 8.7096359e-05   0.0024681706 0.0036018 
 8.9125094e-05   0.0025104869 0.0036545 
 9.1201084e-05   0.0025536412 0.0037081 
  9.332543e-05   0.0025976519 0.0037625 
 9.5499259e-05   0.0026425379 0.0038178 
 9.7723722e-05   0.0026883184  0.003874 
        0.0001   0.0027350133 0.0039311 
  0.0001023293   0.0027826427 0.0039892 
 0.00010471285   0.0028312273 0.0040482 
 0.00010715193   0.0028807885  0.004107 
 0.00010964782   0.0029313478 0.0041674 
 0.00011220185   0.0029829277 0.0042289 
 0.00011481536   0.0030355508 0.0042913 
 0.00011748976   0.0030892406 0.0043548 
 0.00012022644   0.0031440208 0.0044192 
 0.00012302688   0.0031999161 0.0044848 
 0.00012589254   0.0032569515 0.0045514 
 0.00012882496   0.0033151526 0.0046191 
 0.00013182567   0.0033745459 0.0046878 
 0.00013489629   0.0034351582 0.0047578 
 0.00013803843   0.0034970172 0.0048288 
 0.00014125375   0.0035601512  0.004901 
 0.00014454398   0.0036245892 0.0049745 
 0.00014791084   0.0036903608 0.0050491 
 0.00015135612   0.0037574964 0.0051249 
 0.00015488166   0.0038260274  0.005202 
 0.00015848932   0.0038959855 0.0052803 
 0.00016218101   0.0039674036   0.00536 
 0.00016595869   0.0040403151 0.0054409 
 0.00016982437   0.0041147544 0.0055232 
 0.00017378008   0.0041907567 0.0056069 
 0.00017782794   0.0042683581 0.0056919 
 0.00018197009   0.0043475955 0.0057784 
 0.00018620871   0.0044285069 0.0058662 
 0.00019054607    0.004511131 0.0059556 
 0.00019498446   0.0045955077 0.0060464 
 0.00019952623   0.0046816777 0.0061387 
 0.00020417379   0.0047696828 0.0062325 
 0.00020892961   0.0048595658 0.0063279 
 0.00021379621   0.0049513706 0.0064249 
 0.00021877616   0.0050451421 0.0065235 
 0.00022387211   0.0051409266 0.0066237 
 0.00022908677   0.0052387711 0.0067256 
 0.00023442288   0.0053387242 0.0068292 
 0.00023988329   0.0054408355 0.0069346 
 0.00024547089   0.0055451558 0.0070416 
 0.00025118864   0.0056517372 0.0071505 
 0.00025703958   0.0057606332 0.0072611 
  0.0002630268   0.0058718985 0.0073736 
 0.00026915348   0.0059855893  0.007488 
 0.00027542287    0.006101763 0.0076043 
 0.00028183829   0.0062204786 0.0077225 
 0.00028840315   0.0063417965 0.0078427 
 0.00029512092   0.0064657787 0.0079648 
 0.00030199517   0.0065924886 0.0080891 
 0.00030902954   0.0067219913 0.0082153 
 0.00031622777   0.0068543533 0.0083437 
 0.00032359366    0.006989643 0.0084742 
 0.00033113112   0.0071279304 0.0086069 
 0.00033884416   0.0072692873 0.0087418 
 0.00034673685   0.0074137871 0.0088789 
 0.00035481339   0.0075615052 0.0090183 
 0.00036307805   0.0077125187 0.0091601 
 0.00037153523   0.0078669068 0.0093041 
  0.0003801894   0.0080247505 0.0094506 
 0.00038904514   0.0081861329 0.0095995 
 0.00039810717   0.0083511389 0.0097508 
 0.00040738028   0.0085198559 0.0099047 
 0.00041686938   0.0086923731  0.010061 
 0.00042657952    0.008868782   0.01022 
 0.00043651583   0.0090491764  0.010382 
 0.00044668359   0.0092336521  0.010546 
 0.00045708819   0.0094223076  0.010713 
 0.00046773514   0.0096152436  0.010883 
 0.00047863009   0.0098125633  0.011055 
 0.00048977882    0.010014372   0.01123 
 0.00050118723    0.010220779  0.011409 
 0.00051286138    0.010431894   0.01159 
 0.00052480746     0.01064783  0.011774 
  0.0005370318    0.010868705  0.011961 
 0.00054954087    0.011094636  0.012151 
 0.00056234133    0.011325746  0.012344 
 0.00057543994     0.01156216   0.01254 
 0.00058884366    0.011804004   0.01274 
 0.00060255959     0.01205141  0.012943 
   0.000616595    0.012304511  0.013149 
 0.00063095734    0.012563443  0.013358 
 0.00064565423    0.012828348  0.013571 
 0.00066069345    0.013099368  0.013787 
 0.00067608298    0.013376649  0.014006 
 0.00069183097    0.013660342  0.014229 
 0.00070794578    0.013950599  0.014456 
 0.00072443596    0.014247579  0.014686 
 0.00074131024     0.01455144   0.01492 
 0.00075857758    0.014862347  0.015157 
 0.00077624712    0.015180467  0.015398 
 0.00079432823    0.015505973  0.015643 
 0.00081283052     0.01583904  0.015892 
 0.00083176377    0.016179845  0.016145 
 0.00085113804    0.016528574  0.016402 
 0.00087096359    0.016885412  0.016662 
 0.00089125094    0.017250551  0.016927 
 0.00091201084    0.017624187  0.017195 
  0.0009332543    0.018006518  0.017468 
 0.00095499259     0.01839775  0.017745 
 0.00097723722    0.018798089  0.018026 
         0.001    0.019207749  0.018312 
   0.001023293    0.019626947  0.018601 
  0.0010471285    0.020055904  0.018895 
  0.0010715193    0.020494847  0.019194 
  0.0010964782    0.020944007  0.019496 
  0.0011220185    0.021403619  0.019804 
  0.0011481536    0.021873923  0.020116 
  0.0011748976    0.022355167  0.020432 
  0.0012022644    0.022847598  0.020753 
  0.0012302688    0.023351474  0.021078 
  0.0012589254    0.023867054  0.021409 
  0.0012882496    0.024394604  0.021744 
  0.0013182567    0.024934394  0.022084 
  0.0013489629    0.025486701  0.022428 
  0.0013803843    0.026051805  0.022778 
  0.0014125375    0.026629994  0.023132 
  0.0014454398    0.027221559  0.023491 
  0.0014791084    0.027826798  0.023855 
  0.0015135612    0.028446015  0.024224 
  0.0015488166    0.029079516  0.024599 
  0.0015848932    0.029727618  0.024978 
  0.0016218101     0.03039064  0.025362 
  0.0016595869    0.031068908  0.025751 
  0.0016982437    0.031762753  0.026146 
  0.0017378008    0.032472513  0.026546 
  0.0017782794    0.033198532  0.026951 
  0.0018197009    0.033941158  0.027361 
  0.0018620871    0.034700747  0.027776 
  0.0019054607     0.03547766  0.028197 
  0.0019498446    0.036272266  0.028623 
  0.0019952623    0.037084936  0.029054 
  0.0020417379    0.037916052  0.029491 
  0.0020892961       0.038766  0.029933 
  0.0021379621     0.03963517   0.03038 
  0.0021877616    0.040523963  0.030833 
  0.0022387211    0.041432784  0.031291 
  0.0022908677    0.042362042  0.031754 
  0.0023442288    0.043312157  0.032223 
  0.0023988329    0.044283551  0.032697 
  0.0024547089    0.045276657  0.033177 
  0.0025118864     0.04629191  0.033662 
  0.0025703958    0.047329754  0.034152 
   0.002630268     0.04839064  0.034648 
  0.0026915348    0.049475024  0.035149 
  0.0027542287     0.05058337  0.035656 
  0.0028183829    0.051716146  0.036168 
  0.0028840315    0.052873831  0.036685 
  0.0029512092    0.054056906  0.037208 
  0.0030199517    0.055265863  0.037736 
  0.0030902954    0.056501196  0.038269 
  0.0031622777     0.05776341  0.038808 
  0.0032359366    0.059053015  0.039352 
  0.0033113112    0.060370527  0.039901 
  0.0033884416    0.061716469  0.040455 
  0.0034673685    0.063091372  0.041015 
  0.0035481339    0.064495773   0.04158 
  0.0036307805    0.065930215   0.04215 
  0.0037153523    0.067395248  0.042725 
   0.003801894     0.06889143  0.043305 
  0.0038904514    0.070419326   0.04389 
  0.0039810717    0.071979505   0.04448 
  0.0040738028    0.073572545  0.045075 
  0.0041686938    0.075199031  0.045675 
  0.0042657952    0.076859554   0.04628 
  0.0043651583    0.078554712   0.04689 
  0.0044668359     0.08028511  0.047504 
  0.0045708819    0.082051359  0.048123 
  0.0046773514    0.083854078  0.048747 
  0.0047863009    0.085693892  0.049375 
  0.0048977882    0.087571434  0.050008 
  0.0050118723    0.089487341  0.050645 
  0.0051286138    0.091442261  0.051287 
  0.0052480746    0.093436846  0.051933 
   0.005370318    0.095471754  0.052583 
  0.0054954087    0.097547653  0.053237 
  0.0056234133    0.099665215  0.053895 
  0.0057543994     0.10182512  0.054558 
  0.0058884366     0.10402806  0.055224 
  0.0060255959     0.10627472  0.055894 
    0.00616595      0.1085658  0.056568 
  0.0063095734     0.11090202  0.057246 
  0.0064565423     0.11328408  0.057927 
  0.0066069345     0.11571272  0.058612 
  0.0067608298     0.11818865  0.059301 
  0.0069183097     0.12071261  0.059992 
  0.0070794578     0.12328534  0.060687 
  0.0072443596      0.1259076  0.061385 
  0.0074131024     0.12858014  0.062086 
  0.0075857758     0.13130371   0.06279 
  0.0077624712     0.13407911  0.063497 
  0.0079432823     0.13690709  0.064207 
  0.0081283052     0.13978845  0.064919 
  0.0083176377     0.14272397  0.065634 
  0.0085113804     0.14571446  0.066352 
  0.0087096359     0.14876072  0.067072 
  0.0089125094     0.15186357  0.067794 
  0.0091201084     0.15502382  0.068518 
   0.009332543      0.1582423  0.069245 
  0.0095499259     0.16151986  0.069973 
  0.0097723722     0.16485732  0.070703 
          0.01     0.16825555  0.071435 
    0.01023293      0.1717154  0.072169 
   0.010471285     0.17523773  0.072904 
   0.010715193     0.17882343  0.073641 
   0.010964782     0.18247336  0.074379 
   0.011220185     0.18618843  0.075118 
   0.011481536     0.18996952  0.075858 
   0.011748976     0.19381754  0.076599 
   0.012022644     0.19773341  0.077342 
   0.012302688     0.20171804  0.078085 
   0.012589254     0.20577236  0.078828 
   0.012882496     0.20989732  0.079573 
   0.013182567     0.21409386  0.080317 
   0.013489629     0.21836293  0.081063 
   0.013803843      0.2227055  0.081808 
   0.014125375     0.22712253  0.082554 
   0.014454398     0.23161501  0.083299 
   0.014791084     0.23618394  0.084045 
   0.015135612      0.2408303   0.08479 
   0.015488166     0.24555511  0.085536 
   0.015848932     0.25035938   0.08628 
   0.016218101     0.25524414  0.087025 
   0.016595869     0.26021043  0.087769 
   0.016982437     0.26525929  0.088512 
   0.017378008     0.27039179  0.089254 
   0.017782794     0.27560898  0.089996 
   0.018197009     0.28091194  0.090737 
   0.018620871     0.28630176  0.091476 
   0.019054607     0.29177954  0.092215 
   0.019498446     0.29734638  0.092952 
   0.019952623     0.30300341  0.093688 
   0.020417379     0.30875175  0.094422 
   0.020892961     0.31459254  0.095156 
   0.021379621     0.32052694  0.095887 
   0.021877616     0.32655611  0.096617 
   0.022387211     0.33268122  0.097345 
   0.022908677     0.33890346  0.098071 
   0.023442288     0.34522404  0.098796 
   0.023988329     0.35164416  0.099518 
   0.024547089     0.35816504   0.10024 
   0.025118864     0.36478793   0.10096 
   0.025703958     0.37151408   0.10167 
    0.02630268     0.37834474   0.10239 
   0.026915348     0.38528119    0.1031 
   0.027542287     0.39232472   0.10381 
   0.028183829     0.39947664   0.10451 
   0.028840315     0.40673826   0.10522 
   0.029512092     0.41411092   0.10592 
   0.030199517     0.42159595   0.10662 
   0.030902954     0.42919473   0.10731 
   0.031622777     0.43690862   0.10801 
   0.032359366     0.44473902    0.1087 
   0.033113112     0.45268733   0.10938 
   0.033884416     0.46075498   0.11007 
   0.034673685     0.46894339   0.11075 
   0.035481339     0.47725404   0.11143 
   0.036307805     0.48568838    0.1121 
   0.037153523      0.4942479   0.11277 
    0.03801894     0.50293411   0.11344 
   0.038904514     0.51174853   0.11411 
   0.039810717     0.52069269   0.11477 
   0.040738028     0.52976816   0.11543 
   0.041686938     0.53897651   0.11608 
   0.042657952     0.54831933   0.11673 
   0.043651583     0.55779823   0.11738 
   0.044668359     0.56741484   0.11803 
   0.045708819     0.57717082   0.11867 
   0.046773514     0.58706783   0.11931 
   0.047863009     0.59710756   0.11994 
   0.048977882     0.60729172   0.12057 
   0.050118723     0.61762214    0.1212 
   0.051286138     0.62811041   0.12182 
   0.052480746     0.63876585   0.12244 
    0.05370318     0.64959163   0.12306 
   0.054954087     0.66059106   0.12368 
   0.056234133     0.67176754   0.12429 
   0.057543994     0.68312461    0.1249 
   0.058884366     0.69466594   0.12551 
   0.060255959     0.70639532   0.12612 
     0.0616595     0.71831669   0.12673 
   0.063095734     0.73043414   0.12733 
   0.064565423     0.74275192   0.12793 
   0.066069345     0.75527444   0.12853 
   0.067608298     0.76800627   0.12913 
   0.069183097     0.78095217   0.12972 
   0.070794578     0.79411709   0.13032 
   0.072443596     0.80750617   0.13091 
   0.074131024     0.82112477    0.1315 
   0.075857758     0.83497845   0.13209 
   0.077624712     0.84907301   0.13268 
   0.079432823     0.86341448   0.13327 
   0.081283052     0.87800916   0.13385 
   0.083176377     0.89286359   0.13444 
   0.085113804     0.90798461   0.13502 
   0.087096359     0.92337932   0.13561 
   0.089125094     0.93905514   0.13619 
   0.091201084     0.95501983   0.13678 
    0.09332543     0.97128144   0.13736 
   0.095499259      0.9878484   0.13794 
   0.097723722      1.0047295   0.13853 
           0.1      1.0219339   0.13911 
     0.1023293      1.0394713    0.1397 
    0.10471285      1.0573515   0.14028 
    0.10715193      1.0755851   0.14087 
    0.10964782       1.094183   0.14146 
    0.11220185      1.1131566   0.14205 
    0.11481536      1.1325177   0.14264 
    0.11748976       1.152279   0.14323 
    0.12022644      1.1724532   0.14383 
    0.12302688      1.1930542   0.14442 
    0.12589254       1.214096   0.14502 
    0.12882496      1.2355935   0.14563 
    0.13182567      1.2575624   0.14623 
    0.13489629      1.2800187   0.14684 
    0.13803843      1.3029796   0.14746 
    0.14125375      1.3264628   0.14808 
    0.14454398      1.3504867    0.1487 
    0.14791084       1.375071   0.14932 
    0.15135612      1.4002357   0.14996 
    0.15488166      1.4260022    0.1506 
    0.15848932      1.4523926   0.15124 
    0.16218101      1.4794301   0.15189 
    0.16595869       1.507139   0.15255 
    0.16982437      1.5355445   0.15321 
    0.17378008      1.5646731   0.15389 
    0.17782794      1.5945526   0.15457 
    0.18197009      1.6252117   0.15526 
    0.18620871      1.6566807   0.15596 
    0.19054607       1.688991   0.15667 
    0.19498446      1.7221757   0.15739 
    0.19952623      1.7562692   0.15812 
    0.20417379      1.7913072   0.15887 
    0.20892961      1.8273272   0.15962 
    0.21379621      1.8643685   0.16039 
    0.21877616      1.9024716   0.16118 
    0.22387211      1.9416792   0.16198 
    0.22908677      1.9820356   0.16279 
    0.23442288      2.0235871   0.16363 
    0.23988329      2.0663819   0.16448 
    0.24547089      2.1104701   0.16535 
    0.25118864      2.1559041   0.16624 
    0.25703958      2.2027383   0.16715 
     0.2630268      2.2510295   0.16808 
    0.26915348      2.3008366   0.16903 
    0.27542287      2.3522211   0.17001 
    0.28183829      2.4052468   0.17102 
    0.28840315      2.4599801   0.17205 
    0.29512092      2.5164901   0.17311 
    0.30199517      2.5748484    0.1742 
    0.30902954      2.6351296   0.17532 
    0.31622777       2.697411   0.17648 
    0.32359366       2.761773   0.17767 
    0.33113112       2.828299    0.1789 
    0.33884416      2.8970755   0.18017 
    0.34673685      2.9681922   0.18147 
    0.35481339      3.0417422   0.18282 
    0.36307805      3.1178221   0.18422 
    0.37153523      3.1965319   0.18566 
     0.3801894      3.2779751   0.18715 
    0.38904514      3.3622593   0.18869 
    0.39810717      3.4494957   0.19029 
    0.40738028      3.5397996   0.19194 
    0.41686938      3.6332902   0.19366 
    0.42657952      3.7300911   0.19543 
    0.43651583      3.8303303   0.19728 
    0.44668359      3.9341402   0.19919 
    0.45708819      4.0416578   0.20117 
    0.46773514       4.153025   0.20323 
    0.47863009      4.2683885   0.20537 
    0.48977882      4.3879004   0.20759 
    0.50118723      4.5117179    0.2099 
    0.51286138      4.6400036   0.21229 
    0.52480746       4.772926   0.21479 
     0.5370318      4.9106594   0.21738 
    0.54954087      5.0533842   0.22007 
    0.56234133      5.2012871   0.22287 
    0.57543994      5.3545615   0.22578 
    0.58884366      5.5134074   0.22881 
    0.60255959      5.6780321   0.23196 
      0.616595      5.8486502   0.23524 
    0.63095734      6.0254838   0.23865 
    0.64565423      6.2087632   0.24219 
    0.66069345      6.3987269   0.24588 
    0.67608298      6.5956218   0.24972 
    0.69183097      6.7997041   0.25371 
    0.70794578      7.0112392   0.25786 
    0.72443596       7.230502   0.26218 
    0.74131024      7.4577778   0.26668 
    0.75857758      7.6933623   0.27135 
    0.77624712      7.9375622   0.27621 
    0.79432823      8.1906956   0.28127 
    0.81283052      8.4530926   0.28653 
    0.83176377      8.7250955   0.29199 
    0.85113804      9.0070598   0.29767 
    0.87096359      9.2993542   0.30358 
    0.89125094      9.6023616   0.30972 
    0.91201084      9.9164794   0.31611 
     0.9332543       10.24212   0.32274 
    0.95499259      10.579713   0.32963 
    0.97723722      10.929702   0.33679 
             1       11.29255   0.34423 
      1.023293      11.668738   0.35196 
     1.0471285      12.058763   0.35999 
     1.0715193      12.463145   0.36833 
     1.0964782      12.882422   0.37699 
     1.1220185      13.317154   0.38598 
     1.1481536      13.767923   0.39531 
     1.1748976      14.235333     0.405 
     1.2022644      14.720012   0.41506 
     1.2302688      15.222615   0.42549 
     1.2589254       15.74382   0.43633 
     1.2882496      16.284334   0.44757 
     1.3182567      16.844891   0.45924 
     1.3489629      17.426253   0.47134 
     1.3803843      18.029216    0.4839 
     1.4125375      18.654605   0.49693 
     1.4454398      19.303278   0.51044 
     1.4791084      19.976128   0.52446 
     1.5135612      20.674084     0.539 
     1.5488166      21.398112   0.55409 
     1.5848932      22.149216   0.56973 
     1.6218101      22.928441   0.58596 
     1.6595869      23.736875   0.60278 
     1.6982437      24.575648   0.62023 
     1.7378008      25.445937   0.63833 
     1.7782794      26.348965   0.65709 
     1.8197009      27.286006   0.67655 
     1.8620871      28.258383   0.69673 
     1.9054607      29.267476   0.71765 
     1.9498446      30.314717   0.73934 
     1.9952623      31.401599   0.76184 
     2.0417379      32.529674   0.78517 
     2.0892961      33.700557   0.80936 
     2.1379621      34.915929   0.83444 
     2.1877616      36.177538   0.86045 
     2.2387211      37.487204   0.88742 
     2.2908677      38.846821   0.91539 
     2.3442288      40.258359   0.94439 
     2.3988329      41.723869   0.97447 
     2.4547089      43.245485    1.0057 
     2.5118864      44.825429     1.038 
     2.5703958      46.466011    1.0715 
      2.630268      48.169638    1.1063 
     2.6915348      49.938813    1.1424 
     2.7542287      51.776141    1.1798 
     2.8183829      53.684336    1.2186 
     2.8840315       55.66622    1.2589 
     2.9512092      57.724732    1.3007 
     3.0199517      59.862929     1.344 
     3.0902954      62.083995    1.3889 
     3.1622777      64.391243    1.4355 
     3.2359366      66.788124    1.4839 
     3.3113112      69.278227     1.534 
     3.3884416       71.86529    1.5861 
     3.4673685      74.553204    1.6401 
     3.5481339      77.346018    1.6961 
     3.6307805      80.247949    1.7542 
     3.7153523      83.263388    1.8145 
      3.801894      86.396902    1.8771 
     3.8904514       89.65325    1.9421 
     3.9810717      93.037384    2.0095 
     4.0738028      96.554461    2.0794 
     4.1686938      100.20985    2.1521 
     4.2657952      104.00914    2.2274 
     4.3651583      107.95815    2.3056 
     4.4668359      112.06293    2.3868 
     4.5708819      116.32981    2.4711 
     4.6773514      120.76534    2.5586 
     4.7863009      125.37636    2.6494 
     4.8977882      130.17001    2.7437 
     5.0118723      135.15368    2.8416 
     5.1286138      140.33511    2.9433 
     5.2480746      145.72234    3.0488 
      5.370318      151.32373    3.1584 
     5.4954087      157.14801    3.2722 
     5.6234133      163.20425    3.3904 
     5.7543994      169.50191    3.5131 
     5.8884366      176.05083    3.6406 
     6.0255959      182.86127    3.7729 
       6.16595      189.94391    3.9104 
     6.3095734      197.30986    4.0532 
     6.4565423      204.97071    4.2015 
     6.6069345      212.93851    4.3555 
     6.7608298      221.22583    4.5155 
     6.9183097      229.84575    4.6818 
     7.0794578       238.8119    4.8545 
     7.2443596      248.13845    5.0339 
     7.4131024      257.84021    5.2203 
     7.5857758      267.93255    5.4139 
     7.7624712      278.43151    5.6151 
     7.9432823      289.35379    5.8242 
     8.1283052      300.71678    6.0414 
     8.3176377      312.53861    6.2672 
     8.5113804      324.83814    6.5017 
     8.7096359      337.63503    6.7455 
     8.9125094      350.94976    6.9988 
     9.1201084      364.80365    7.2621 
      9.332543      379.21893    7.5357 
     9.5499259      394.21873    7.8201 
     9.7723722      409.82716    8.1156 
            10      426.06934    8.4229 
      10.23293      442.97143    8.7422 
     10.471285      460.56068    9.0741 
     10.715193      478.86549    9.4192 
     10.964782      497.91542    9.7779 
     11.220185       517.7413    10.151 
     11.481536      538.37521    10.538 
     11.748976      559.85061    10.941 
     12.022644      582.20233     11.36 
     12.302688      605.46667    11.796 
     12.589254      629.68144    12.249 
     12.882496      654.88605     12.72 
     13.182567      681.12153     13.21 
     13.489629      708.43065    13.719 
     13.803843      736.85798    14.248 
     14.125375      766.44993    14.799 
     14.454398      797.25487    15.371 
     14.791084       829.3232    15.967 
     15.135612      862.70744    16.586 
     15.488166      897.46229     17.23 
     15.848932      933.64476      17.9 
     16.218101      971.31425    18.596 
     16.595869      1010.5327    19.321 
     16.982437      1051.3645    20.074 
     17.378008      1093.8769    20.858 
     17.782794        1138.14    21.673 
     18.197009      1184.2267    22.521 
     18.620871       1232.213    23.403 
     19.054607      1282.1782     24.32 
     19.498446      1334.2049    25.275 
     19.952623       1388.379    26.268 
     20.417379      1444.7903    27.301 
     20.892961      1503.5322    28.375 
     21.379621       1564.702    29.493 
     21.877616      1628.4012    30.656 
     22.387211      1694.7356    31.866 
     22.908677      1763.8153    33.125 
     23.442288      1835.7553    34.435 
     23.988329      1910.6751    35.798 
     24.547089      1988.6995    37.216 
     25.118864      2069.9585    38.691 
     25.703958      2154.5876    40.227 
      26.30268      2242.7279    41.824 
     26.915348      2334.5267    43.487 
     27.542287      2430.1372    45.216 
     28.183829      2529.7193    47.017 
     28.840315      2633.4396     48.89 
     29.512092      2741.4718    50.839 
     30.199517      2853.9967    52.868 
     30.902954       2971.203     54.98 
     31.622777      3093.2873    57.177 
     32.359366      3220.4544    59.464 
     33.113112       3352.918    61.844 
     33.884416      3490.9006    64.322 
     34.673685      3634.6343      66.9 
     35.481339      3784.3608    69.584 
     36.307805      3940.3323    72.377 
     37.153523      4102.8115    75.284 
      38.01894      4272.0722    78.311 
     38.904514         4448.4    81.461 
     39.810717      4632.0924     84.74 
     40.738028      4823.4595    88.153 
     41.686938      5022.8248    91.706 
     42.657952      5230.5252    95.405 
     43.651583      5446.9121    99.255 
     44.668359      5672.3516    103.26 
     45.708819      5907.2256    107.44 
     46.773514       6151.932    111.78 
     47.863009      6406.8857     116.3 
     48.977882      6672.5191    121.01 
     50.118723       6949.283    125.91 
     51.286138      7237.6474    131.02 
     52.480746      7538.1022    136.33 
      53.70318      7851.1582    141.86 
     54.954087      8177.3478    147.62 
     56.234133       8517.226    153.62 
     57.543994      8871.3716    159.86 
     58.884366      9240.3877    166.37 
     60.255959      9624.9034    173.14 
       61.6595      10025.574    180.19 
     63.095734      10443.084    187.53 
     64.565423      10878.145    195.17 
     66.069345        11331.5    203.13 
     67.608298      11803.924    211.42 
     69.183097      12296.225    220.05 
     70.794578      12809.244    229.03 
     72.443596      13343.859    238.39 
     74.131024      13900.986    248.14 
     75.857758      14481.579    258.29 
     77.624712      15086.632    268.86 
     79.432823      15717.182    279.87 
