#       energy         x-proj    sigmax 
#          MeV             um        um 
         1e-05  0.00046106296 0.00078238 
  1.023293e-05  0.00046887531 0.00078339 
 1.0471285e-05  0.00047636492 0.00079371 
 1.0715193e-05  0.00048361513 0.00080434 
 1.0964782e-05  0.00049069275 0.00081523 
 1.1220185e-05  0.00049765144 0.00082636 
 1.1481536e-05  0.00050453436 0.00083771 
 1.1748976e-05  0.00051137635 0.00084926 
 1.2022644e-05  0.00051820562 0.00086099 
 1.2302688e-05  0.00052504508 0.00087289 
 1.2589254e-05  0.00053191344 0.00088496 
 1.2882496e-05  0.00053882604 0.00089719 
 1.3182567e-05  0.00054579557 0.00090958 
 1.3489629e-05  0.00055283258 0.00092212 
 1.3803843e-05  0.00055994592 0.00093481 
 1.4125375e-05  0.00056714311 0.00094765 
 1.4454398e-05  0.00057443057 0.00096064 
 1.4791084e-05  0.00058181391 0.00097379 
 1.5135612e-05  0.00058929803 0.00098708 
 1.5488166e-05  0.00059688733 0.0010005 
 1.5848932e-05  0.00060458576 0.0010141 
 1.6218101e-05  0.00061239698 0.0010279 
 1.6595869e-05  0.00062032436 0.0010418 
 1.6982437e-05  0.00062837111 0.0010559 
 1.7378008e-05  0.00063654026 0.0010702 
 1.7782794e-05  0.00064483476 0.0010846 
 1.8197009e-05  0.00065325747 0.0010992 
 1.8620871e-05  0.00066181119 0.0011139 
 1.9054607e-05   0.0006704987 0.0011289 
 1.9498446e-05  0.00067932277  0.001144 
 1.9952623e-05  0.00068828614 0.0011593 
 2.0417379e-05  0.00069739159 0.0011747 
 2.0892961e-05   0.0007066419 0.0011904 
 2.1379621e-05  0.00071603988 0.0012063 
 2.1877616e-05  0.00072558839 0.0012223 
 2.2387211e-05   0.0007352903 0.0012386 
 2.2908677e-05  0.00074514854 0.0012551 
 2.3442288e-05  0.00075516608 0.0012717 
 2.3988329e-05  0.00076534596 0.0012886 
 2.4547089e-05  0.00077569124 0.0013057 
 2.5118864e-05  0.00078620506  0.001323 
 2.5703958e-05  0.00079689063 0.0013405 
  2.630268e-05  0.00080775119 0.0013583 
 2.6915348e-05  0.00081879007 0.0013763 
 2.7542287e-05  0.00083001065 0.0013945 
 2.8183829e-05   0.0008414164  0.001413 
 2.8840315e-05  0.00085301085 0.0014317 
 2.9512092e-05  0.00086479758 0.0014506 
 3.0199517e-05  0.00087678028 0.0014698 
 3.0902954e-05   0.0008889627 0.0014893 
 3.1622777e-05  0.00090134866  0.001509 
 3.2359366e-05  0.00091394208  0.001529 
 3.3113112e-05  0.00092674696 0.0015492 
 3.3884416e-05  0.00093976736 0.0015698 
 3.4673685e-05  0.00095300746 0.0015906 
 3.5481339e-05  0.00096647151 0.0016117 
 3.6307805e-05  0.00098016385  0.001633 
 3.7153523e-05  0.00099408891 0.0016547 
  3.801894e-05   0.0010082512 0.0016767 
 3.8904514e-05   0.0010226555  0.001699 
 3.9810717e-05   0.0010373063 0.0017216 
 4.0738028e-05   0.0010522086 0.0017445 
 4.1686938e-05   0.0010673673 0.0017677 
 4.2657952e-05   0.0010827874 0.0017913 
 4.3651583e-05   0.0010984741 0.0018152 
 4.4668359e-05   0.0011144326 0.0018394 
 4.5708819e-05   0.0011306684  0.001864 
 4.6773514e-05   0.0011471869  0.001889 
 4.7863009e-05   0.0011639937 0.0019143 
 4.8977882e-05   0.0011810947   0.00194 
 5.0118723e-05   0.0011984955  0.001966 
 5.1286138e-05   0.0012162024 0.0019924 
 5.2480746e-05   0.0012342213 0.0020192 
  5.370318e-05   0.0012525585 0.0020464 
 5.4954087e-05   0.0012712205  0.002074 
 5.6234133e-05   0.0012902138 0.0021021 
 5.7543994e-05   0.0013095451 0.0021305 
 5.8884366e-05   0.0013292211 0.0021593 
 6.0255959e-05    0.001349249 0.0021886 
   6.16595e-05   0.0013696358 0.0022183 
 6.3095734e-05   0.0013903889 0.0022485 
 6.4565423e-05   0.0014115158 0.0022791 
 6.6069345e-05    0.001433024 0.0023102 
 6.7608298e-05   0.0014549213 0.0023418 
 6.9183097e-05   0.0014772159 0.0023738 
 7.0794578e-05   0.0014999158 0.0024063 
 7.2443596e-05   0.0015230293 0.0024394 
 7.4131024e-05   0.0015465651 0.0024729 
 7.5857758e-05   0.0015705319  0.002507 
 7.7624712e-05   0.0015949386 0.0025415 
 7.9432823e-05   0.0016197943 0.0025766 
 8.1283052e-05   0.0016451083 0.0026123 
 8.3176377e-05   0.0016708904 0.0026485 
 8.5113804e-05   0.0016971501 0.0026853 
 8.7096359e-05   0.0017238976 0.0027227 
 8.9125094e-05    0.001751143 0.0027606 
 9.1201084e-05   0.0017788968 0.0027992 
  9.332543e-05   0.0018071698 0.0028383 
 9.5499259e-05   0.0018359729 0.0028781 
 9.7723722e-05   0.0018653174 0.0029185 
        0.0001   0.0018952146 0.0029595 
  0.0001023293   0.0019256764 0.0030013 
 0.00010471285   0.0019567147 0.0030436 
 0.00010715193   0.0019883419 0.0030867 
 0.00010964782   0.0020205705 0.0031304 
 0.00011220185   0.0020534134 0.0031749 
 0.00011481536   0.0020868839 0.0032201 
 0.00011748976   0.0021209954  0.003266 
 0.00012022644   0.0021557617 0.0033126 
 0.00012302688   0.0021911969 0.0033601 
 0.00012589254   0.0022273156 0.0034083 
 0.00012882496   0.0022641326 0.0034572 
 0.00013182567    0.002301663  0.003507 
 0.00013489629   0.0023399224 0.0035577 
 0.00013803843   0.0023789266 0.0036091 
 0.00014125375   0.0024186921 0.0036614 
 0.00014454398   0.0024592354 0.0037146 
 0.00014791084   0.0025005736 0.0037686 
 0.00015135612   0.0025427242 0.0038236 
 0.00015488166   0.0025857053 0.0038794 
 0.00015848932    0.002629535 0.0039362 
 0.00016218101   0.0026742322  0.003994 
 0.00016595869   0.0027198161 0.0040527 
 0.00016982437   0.0027663065 0.0041125 
 0.00017378008   0.0028137236 0.0041732 
 0.00017782794   0.0028620881 0.0042349 
 0.00018197009   0.0029114211 0.0042978 
 0.00018620871   0.0029617444 0.0043616 
 0.00019054607   0.0030130803 0.0044266 
 0.00019498446   0.0030654515 0.0044927 
 0.00019952623   0.0031188815 0.0045599 
 0.00020417379   0.0031733941 0.0046282 
 0.00020892961    0.003229014 0.0046978 
 0.00021379621   0.0032857662 0.0047685 
 0.00021877616   0.0033436766 0.0048404 
 0.00022387211   0.0034027716 0.0049136 
 0.00022908677   0.0034630782 0.0049881 
 0.00023442288   0.0035246243 0.0050638 
 0.00023988329   0.0035874382 0.0051409 
 0.00024547089   0.0036515492 0.0052193 
 0.00025118864   0.0037169871 0.0052991 
 0.00025703958   0.0037837827 0.0053803 
  0.0002630268   0.0038519673 0.0054629 
 0.00026915348   0.0039215732 0.0055469 
 0.00027542287   0.0039926335 0.0056324 
 0.00028183829    0.004065182 0.0057195 
 0.00028840315   0.0041392535 0.0058081 
 0.00029512092   0.0042148836 0.0058982 
 0.00030199517   0.0042921089 0.0059899 
 0.00030902954   0.0043709669 0.0060833 
 0.00031622777    0.004451496 0.0061783 
 0.00032359366   0.0045337357  0.006275 
 0.00033113112   0.0046177263 0.0063735 
 0.00033884416   0.0047035095 0.0064737 
 0.00034673685   0.0047911277 0.0065757 
 0.00035481339   0.0048806247 0.0066795 
 0.00036307805   0.0049720452 0.0067852 
 0.00037153523   0.0050654352 0.0068928 
  0.0003801894   0.0051608417 0.0070024 
 0.00038904514   0.0052583133 0.0071139 
 0.00039810717   0.0053578995 0.0072274 
 0.00040738028   0.0054596513  0.007343 
 0.00041686938   0.0055636208 0.0074607 
 0.00042657952   0.0056698618 0.0075806 
 0.00043651583   0.0057784292 0.0077026 
 0.00044668359   0.0058893795 0.0078268 
 0.00045708819   0.0060027707 0.0079533 
 0.00046773514   0.0061186622 0.0080822 
 0.00047863009    0.006237115 0.0082134 
 0.00048977882   0.0063581917  0.008347 
 0.00050118723   0.0064819567  0.008483 
 0.00051286138   0.0066084758 0.0086216 
 0.00052480746   0.0067378169 0.0087627 
  0.0005370318   0.0068700493 0.0089065 
 0.00054954087   0.0070052444 0.0090528 
 0.00056234133   0.0071434755 0.0092019 
 0.00057543994   0.0072848176 0.0093538 
 0.00058884366   0.0074293479 0.0095085 
 0.00060255959   0.0075771455 0.0096661 
   0.000616595   0.0077282917 0.0098266 
 0.00063095734   0.0078828699 0.0099901 
 0.00064565423   0.0080409656  0.010157 
 0.00066069345   0.0082026669  0.010326 
 0.00067608298   0.0083680638  0.010499 
 0.00069183097    0.008537249  0.010675 
 0.00070794578   0.0087103174  0.010855 
 0.00072443596   0.0088873667  0.011037 
 0.00074131024    0.009068497  0.011224 
 0.00075857758   0.0092538109  0.011413 
 0.00077624712    0.009443414  0.011607 
 0.00079432823   0.0096374146  0.011804 
 0.00081283052   0.0098359238  0.012005 
 0.00083176377    0.010039056  0.012209 
 0.00085113804    0.010246927  0.012418 
 0.00087096359    0.010459658   0.01263 
 0.00089125094    0.010677373  0.012846 
 0.00091201084    0.010900197  0.013067 
  0.0009332543     0.01112826  0.013292 
 0.00095499259    0.011361696  0.013521 
 0.00097723722    0.011600642  0.013754 
         0.001    0.011845237  0.013992 
   0.001023293    0.012095626  0.014235 
  0.0010471285    0.012351956  0.014482 
  0.0010715193    0.012614379   0.01473 
  0.0010964782     0.01288305  0.014982 
  0.0011220185    0.013158129  0.015239 
  0.0011481536     0.01343978    0.0155 
  0.0011748976     0.01372817  0.015766 
  0.0012022644    0.014023471  0.016036 
  0.0012302688    0.014325861  0.016312 
  0.0012589254    0.014635519  0.016593 
  0.0012882496    0.014952631  0.016879 
  0.0013182567    0.015277389   0.01717 
  0.0013489629    0.015609987  0.017466 
  0.0013803843    0.015950626  0.017768 
  0.0014125375     0.01629951  0.018075 
  0.0014454398     0.01665685  0.018387 
  0.0014791084    0.017022862  0.018706 
  0.0015135612    0.017397766   0.01903 
  0.0015488166     0.01778179   0.01936 
  0.0015848932    0.018175164  0.019696 
  0.0016218101    0.018578128  0.020038 
  0.0016595869    0.018990924  0.020386 
  0.0016982437    0.019413803   0.02074 
  0.0017378008    0.019847019    0.0211 
  0.0017782794    0.020290836  0.021468 
  0.0018197009    0.020745521  0.021841 
  0.0018620871    0.021211348  0.022221 
  0.0019054607      0.0216886  0.022608 
  0.0019498446    0.022177563  0.023002 
  0.0019952623    0.022678533  0.023402 
  0.0020417379    0.023191812   0.02381 
  0.0020892961    0.023717707  0.024225 
  0.0021379621    0.024256536  0.024647 
  0.0021877616    0.024808621  0.025076 
  0.0022387211    0.025374293  0.025513 
  0.0022908677     0.02595389  0.025957 
  0.0023442288    0.026547758  0.026409 
  0.0023988329    0.027156251  0.026869 
  0.0024547089    0.027779731  0.027337 
  0.0025118864    0.028418568  0.027812 
  0.0025703958    0.029073138  0.028296 
   0.002630268     0.02974383  0.028788 
  0.0026915348    0.030431037  0.029288 
  0.0027542287    0.031135162  0.029796 
  0.0028183829    0.031856618  0.030313 
  0.0028840315    0.032595826  0.030839 
  0.0029512092    0.033353215  0.031373 
  0.0030199517     0.03412902  0.031915 
  0.0030902954    0.034920345  0.032464 
  0.0031622777    0.035726478  0.033016 
  0.0032359366    0.036547889  0.033575 
  0.0033113112    0.037385033  0.034138 
  0.0033884416    0.038238362  0.034708 
  0.0034673685    0.039108315  0.035283 
  0.0035481339    0.039995328  0.035864 
  0.0036307805    0.040899829   0.03645 
  0.0037153523     0.04182224  0.037043 
   0.003801894    0.042762979  0.037641 
  0.0038904514    0.043722461  0.038244 
  0.0039810717    0.044701095  0.038853 
  0.0040738028    0.045699289  0.039467 
  0.0041686938    0.046717445  0.040086 
  0.0042657952    0.047755965  0.040711 
  0.0043651583    0.048815248  0.041341 
  0.0044668359    0.049895691  0.041975 
  0.0045708819    0.050997689  0.042615 
  0.0046773514    0.052121635  0.043259 
  0.0047863009    0.053267922  0.043909 
  0.0048977882    0.054436941  0.044562 
  0.0050118723    0.055629083   0.04522 
  0.0051286138    0.056844736  0.045883 
  0.0052480746    0.058084289   0.04655 
   0.005370318     0.05934813  0.047221 
  0.0054954087    0.060636647  0.047896 
  0.0056234133    0.061950226  0.048575 
  0.0057543994    0.063289256  0.049258 
  0.0058884366    0.064654122  0.049945 
  0.0060255959    0.066045211  0.050635 
    0.00616595     0.06746291  0.051329 
  0.0063095734    0.068907605  0.052026 
  0.0064565423    0.070379683  0.052727 
  0.0066069345    0.071879531   0.05343 
  0.0067608298    0.073407535  0.054137 
  0.0069183097    0.074964083  0.054846 
  0.0070794578    0.076549563  0.055559 
  0.0072443596    0.078164362  0.056273 
  0.0074131024     0.07980887  0.056991 
  0.0075857758    0.081483475   0.05771 
  0.0077624712    0.083188567  0.058432 
  0.0079432823    0.084924537  0.059156 
  0.0081283052    0.086691775  0.059882 
  0.0083176377    0.088490674   0.06061 
  0.0085113804    0.090321626  0.061339 
  0.0087096359    0.092185024   0.06207 
  0.0089125094    0.094081265  0.062802 
  0.0091201084    0.096010742  0.063535 
   0.009332543    0.097973854   0.06427 
  0.0095499259    0.099970999  0.065006 
  0.0097723722     0.10200258  0.065742 
          0.01     0.10406899  0.066479 
    0.01023293     0.10617063  0.067217 
   0.010471285     0.10830792  0.067955 
   0.010715193     0.11048125  0.068694 
   0.010964782     0.11269104  0.069432 
   0.011220185     0.11493768  0.070171 
   0.011481536     0.11722161  0.070909 
   0.011748976     0.11954322  0.071648 
   0.012022644     0.12190293  0.072386 
   0.012302688     0.12430117  0.073123 
   0.012589254     0.12673835   0.07386 
   0.012882496     0.12921489  0.074596 
   0.013182567     0.13173123  0.075331 
   0.013489629     0.13428778  0.076066 
   0.013803843     0.13688499  0.076799 
   0.014125375     0.13952328  0.077531 
   0.014454398     0.14220309  0.078261 
   0.014791084     0.14492487   0.07899 
   0.015135612     0.14768905  0.079718 
   0.015488166     0.15049608  0.080443 
   0.015848932     0.15334642  0.081167 
   0.016218101     0.15624051  0.081889 
   0.016595869     0.15917882  0.082609 
   0.016982437     0.16216181  0.083327 
   0.017378008     0.16518995  0.084042 
   0.017782794      0.1682637  0.084756 
   0.018197009     0.17138353  0.085466 
   0.018620871     0.17454993  0.086175 
   0.019054607     0.17776339   0.08688 
   0.019498446     0.18102438  0.087583 
   0.019952623      0.1843334  0.088283 
   0.020417379     0.18769094  0.088981 
   0.020892961     0.19109751  0.089675 
   0.021379621     0.19455362  0.090366 
   0.021877616     0.19805977  0.091054 
   0.022387211     0.20161649  0.091739 
   0.022908677     0.20522429   0.09242 
   0.023442288      0.2088837  0.093098 
   0.023988329     0.21259525  0.093773 
   0.024547089     0.21635949  0.094444 
   0.025118864     0.22017695  0.095112 
   0.025703958     0.22404819  0.095776 
    0.02630268     0.22797376  0.096436 
   0.026915348     0.23195422  0.097092 
   0.027542287     0.23599013  0.097745 
   0.028183829     0.24008207  0.098394 
   0.028840315     0.24423062  0.099039 
   0.029512092     0.24843635   0.09968 
   0.030199517     0.25269986   0.10032 
   0.030902954     0.25702174   0.10095 
   0.031622777      0.2614026   0.10158 
   0.032359366     0.26584304    0.1022 
   0.033113112     0.27034367   0.10282 
   0.033884416     0.27490511   0.10344 
   0.034673685     0.27952798   0.10405 
   0.035481339     0.28421292   0.10466 
   0.036307805     0.28896055   0.10526 
   0.037153523     0.29377153   0.10586 
    0.03801894     0.29864649   0.10645 
   0.038904514      0.3035861   0.10704 
   0.039810717     0.30859099   0.10763 
   0.040738028     0.31366184   0.10821 
   0.041686938     0.31879932   0.10879 
   0.042657952      0.3240041   0.10936 
   0.043651583     0.32927684   0.10993 
   0.044668359     0.33461824   0.11049 
   0.045708819     0.34002898   0.11105 
   0.046773514     0.34550975    0.1116 
   0.047863009     0.35106124   0.11215 
   0.048977882     0.35668415   0.11269 
   0.050118723     0.36237918   0.11323 
   0.051286138     0.36814703   0.11377 
   0.052480746     0.37398841    0.1143 
    0.05370318     0.37990403   0.11482 
   0.054954087      0.3858946   0.11534 
   0.056234133     0.39196083   0.11586 
   0.057543994     0.39810344   0.11637 
   0.058884366     0.40432314   0.11688 
   0.060255959     0.41062064   0.11738 
     0.0616595     0.41699667   0.11788 
   0.063095734     0.42345193   0.11837 
   0.064565423     0.42998715   0.11886 
   0.066069345     0.43660303   0.11934 
   0.067608298     0.44330029   0.11982 
   0.069183097     0.45007963   0.12029 
   0.070794578     0.45694177   0.12076 
   0.072443596      0.4638874   0.12123 
   0.074131024     0.47091722   0.12169 
   0.075857758      0.4780333   0.12214 
   0.077624712     0.48524496   0.12259 
   0.079432823      0.4925551   0.12304 
   0.081283052     0.49996529   0.12348 
   0.083176377     0.50747718   0.12392 
   0.085113804     0.51509245   0.12436 
   0.087096359     0.52281283   0.12479 
   0.089125094     0.53064011   0.12522 
   0.091201084     0.53857615   0.12565 
    0.09332543     0.54662284   0.12607 
   0.095499259     0.55478216   0.12649 
   0.097723722     0.56305613    0.1269 
           0.1     0.57144686   0.12731 
     0.1023293     0.57995651   0.12772 
    0.10471285     0.58858733   0.12813 
    0.10715193     0.59734164   0.12853 
    0.10964782     0.60622184   0.12893 
    0.11220185      0.6152304   0.12932 
    0.11481536     0.62436991   0.12971 
    0.11748976     0.63364303    0.1301 
    0.12022644     0.64305251   0.13049 
    0.12302688     0.65260122   0.13088 
    0.12589254     0.66229213   0.13126 
    0.12882496      0.6721283   0.13164 
    0.13182567     0.68211293   0.13201 
    0.13489629     0.69224934   0.13239 
    0.13803843     0.70254095   0.13276 
    0.14125375     0.71299133   0.13313 
    0.14454398      0.7236042   0.13349 
    0.14791084      0.7343834   0.13386 
    0.15135612     0.74533294   0.13422 
    0.15488166     0.75645696   0.13458 
    0.15848932      0.7677598   0.13494 
    0.16218101     0.77924596    0.1353 
    0.16595869     0.79092009   0.13566 
    0.16982437     0.80278708   0.13601 
    0.17378008     0.81485197   0.13636 
    0.17782794     0.82712003   0.13671 
    0.18197009     0.83959674   0.13706 
    0.18620871      0.8522878   0.13741 
    0.19054607     0.86519914   0.13776 
    0.19498446     0.87833694    0.1381 
    0.19952623     0.89170763   0.13845 
    0.20417379      0.9053179    0.1388 
    0.20892961     0.91917472   0.13914 
    0.21379621     0.93328535   0.13948 
    0.21877616     0.94765733   0.13983 
    0.22387211     0.96229854   0.14017 
    0.22908677     0.97721715   0.14051 
    0.23442288     0.99242169   0.14086 
    0.23988329       1.007921    0.1412 
    0.24547089      1.0237244   0.14154 
    0.25118864      1.0398414   0.14189 
    0.25703958       1.056282   0.14223 
     0.2630268      1.0730567   0.14257 
    0.26915348      1.0901763   0.14292 
    0.27542287      1.1076519   0.14327 
    0.28183829      1.1254955   0.14362 
    0.28840315       1.143719   0.14396 
    0.29512092      1.1623352   0.14432 
    0.30199517      1.1813572   0.14467 
    0.30902954      1.2007988   0.14502 
    0.31622777      1.2206741   0.14538 
    0.32359366      1.2409979   0.14574 
    0.33113112      1.2617856    0.1461 
    0.33884416       1.283053   0.14647 
    0.34673685      1.3048168   0.14683 
    0.35481339       1.327094    0.1472 
    0.36307805      1.3499026   0.14758 
    0.37153523      1.3732609   0.14796 
     0.3801894      1.3971882   0.14834 
    0.38904514      1.4217044   0.14872 
    0.39810717        1.44683   0.14911 
    0.40738028      1.4725865   0.14951 
    0.41686938       1.498996   0.14991 
    0.42657952      1.5260815   0.15031 
    0.43651583      1.5538667   0.15072 
    0.44668359      1.5823764   0.15114 
    0.45708819       1.611636   0.15157 
    0.46773514      1.6416719     0.152 
    0.47863009      1.6725115   0.15243 
    0.48977882      1.7041832   0.15288 
    0.50118723      1.7367163   0.15333 
    0.51286138      1.7701411   0.15379 
    0.52480746      1.8044891   0.15426 
     0.5370318      1.8397927   0.15474 
    0.54954087      1.8760857   0.15523 
    0.56234133      1.9134029   0.15572 
    0.57543994      1.9517804   0.15623 
    0.58884366      1.9912554   0.15675 
    0.60255959      2.0318666   0.15728 
      0.616595       2.073654   0.15783 
    0.63095734      2.1166589   0.15838 
    0.64565423      2.1609243   0.15895 
    0.66069345      2.2064945   0.15954 
    0.67608298      2.2534155   0.16014 
    0.69183097      2.3017349   0.16075 
    0.70794578       2.351502   0.16138 
    0.72443596       2.402768   0.16203 
    0.74131024      2.4555857   0.16269 
    0.75857758      2.5100103   0.16338 
    0.77624712      2.5660984   0.16408 
    0.79432823      2.6239094   0.16481 
    0.81283052      2.6835043   0.16555 
    0.83176377      2.7449467   0.16632 
    0.85113804      2.8083026   0.16711 
    0.87096359      2.8736406   0.16793 
    0.89125094      2.9410315   0.16877 
    0.91201084      3.0105494   0.16964 
     0.9332543      3.0822709   0.17054 
    0.95499259      3.1562756   0.17147 
    0.97723722      3.2326463   0.17243 
             1      3.3114691   0.17342 
      1.023293      3.3928335   0.17445 
     1.0471285      3.4768323   0.17551 
     1.0715193      3.5635624   0.17661 
     1.0964782      3.6531243   0.17775 
     1.1220185      3.7456225   0.17893 
     1.1481536      3.8411659   0.18015 
     1.1748976      3.9398677   0.18143 
     1.2022644      4.0418457   0.18274 
     1.2302688      4.1472224   0.18411 
     1.2589254      4.2561252   0.18553 
     1.2882496       4.368687   0.18701 
     1.3182567      4.4850458   0.18854 
     1.3489629      4.6053452   0.19014 
     1.3803843      4.7297349    0.1918 
     1.4125375      4.8583706   0.19352 
     1.4454398      4.9914141   0.19532 
     1.4791084      5.1290341   0.19718 
     1.5135612      5.2714061   0.19913 
     1.5488166      5.4187126   0.20115 
     1.5848932      5.5711437   0.20326 
     1.6218101       5.728897   0.20546 
     1.6595869      5.8921784   0.20775 
     1.6982437      6.0612019   0.21013 
     1.7378008      6.2361903   0.21262 
     1.7782794      6.4173754   0.21521 
     1.8197009      6.6049984   0.21791 
     1.8620871      6.7993101   0.22073 
     1.9054607      7.0005716   0.22368 
     1.9498446      7.2090545   0.22674 
     1.9952623      7.4250411   0.22994 
     2.0417379      7.6488253   0.23328 
     2.0892961      7.8807127   0.23677 
     2.1379621      8.1210212    0.2404 
     2.1877616      8.3700814    0.2442 
     2.2387211      8.6282373   0.24816 
     2.2908677      8.8958464   0.25229 
     2.3442288      9.1732807    0.2566 
     2.3988329      9.4609272    0.2611 
     2.4547089       9.759188    0.2658 
     2.5118864      10.068482    0.2707 
     2.5703958      10.389243   0.27581 
      2.630268      10.721925   0.28114 
     2.6915348      11.066999   0.28671 
     2.7542287      11.424952   0.29251 
     2.8183829      11.796296   0.29857 
     2.8840315      12.181558   0.30489 
     2.9512092       12.58129   0.31148 
     3.0199517      12.996064   0.31835 
     3.0902954      13.426476   0.32551 
     3.1622777      13.873146   0.33298 
     3.2359366      14.336717   0.34077 
     3.3113112      14.817859   0.34889 
     3.3884416      15.317271   0.35735 
     3.4673685      15.835678   0.36617 
     3.5481339      16.373833   0.37536 
     3.6307805      16.932522   0.38494 
     3.7153523      17.512561   0.39492 
      3.801894      18.114799   0.40531 
     3.8904514      18.740121   0.41613 
     3.9810717      19.389447   0.42741 
     4.0738028      20.063732   0.43915 
     4.1686938      20.763973   0.45137 
     4.2657952      21.491205    0.4641 
     4.3651583      22.246508   0.47734 
     4.4668359      23.031002   0.49113 
     4.5708819      23.845856   0.50548 
     4.6773514      24.692284   0.52042 
     4.7863009      25.571552   0.53596 
     4.8977882      26.484976   0.55214 
     5.0118723      27.433925   0.56896 
     5.1286138      28.419826   0.58647 
     5.2480746      29.444163   0.60468 
      5.370318      30.508481   0.62362 
     5.4954087      31.614389   0.64333 
     5.6234133       32.76356   0.66382 
     5.7543994      33.957738   0.68513 
     5.8884366      35.198737    0.7073 
     6.0255959      36.488446   0.73035 
       6.16595      37.828831   0.75432 
     6.3095734      39.221939   0.77924 
     6.4565423      40.669902   0.80515 
     6.6069345      42.174939    0.8321 
     6.7608298       43.73936   0.86011 
     6.9183097      45.365572   0.88923 
     7.0794578      47.056077   0.91951 
     7.2443596      48.813486   0.95099 
     7.4131024      50.640512   0.98372 
     7.5857758      52.539984    1.0177 
     7.7624712      54.514845    1.0531 
     7.9432823      56.568161    1.0899 
     8.1283052      58.703125    1.1281 
     8.3176377      60.923061    1.1678 
     8.5113804      63.231431    1.2091 
     8.7096359       65.63184    1.2521 
     8.9125094      68.128041    1.2967 
     9.1201084      70.723944    1.3431 
      9.332543      73.423621    1.3914 
     9.5499259      76.231312    1.4415 
     9.7723722      79.151431    1.4936 
            10      82.188579    1.5478 
      10.23293      85.347544    1.6042 
     10.471285      88.633314    1.6627 
     10.715193      92.051085    1.7236 
     10.964782      95.606267    1.7869 
     11.220185      99.304496    1.8527 
     11.481536      103.15164    1.9211 
     11.748976      107.15382    1.9922 
     12.022644      111.31739    2.0662 
     12.302688      115.64899    2.1431 
     12.589254      120.15553     2.223 
     12.882496      124.84421    2.3061 
     13.182567      129.72252    2.3925 
     13.489629      134.79826    2.4824 
     13.803843      140.07957    2.5758 
     14.125375      145.57493    2.6729 
     14.454398      151.29315     2.774 
     14.791084      157.24343     2.879 
     15.135612      163.43535    2.9882 
     15.488166      169.87888    3.1018 
     15.848932      176.58441    3.2199 
     16.218101      183.56277    3.3428 
     16.595869      190.82524    3.4705 
     16.982437      198.38356    3.6033 
     17.378008      206.24998    3.7415 
     17.782794      214.43726    3.8852 
     18.197009      222.95866    4.0347 
     18.620871      231.82804    4.1901 
     19.054607      241.05982    4.3518 
     19.498446      250.66901    4.5199 
     19.952623      260.67127    4.6948 
     20.417379      271.08291    4.8768 
     20.892961      281.92092     5.066 
     21.379621        293.203    5.2629 
     21.877616      304.94759    5.4677 
     22.387211      317.17392    5.6807 
     22.908677      329.90201    5.9023 
     23.442288      343.15271    6.1329 
     23.988329      356.94778    6.3727 
     24.547089      371.30986    6.6222 
     25.118864      386.26256    6.8818 
     25.703958      401.83046    7.1519 
      26.30268       418.0392    7.4329 
     26.915348      434.91548    7.7253 
     27.542287      452.48712    8.0295 
     28.183829      470.78312     8.346 
     28.840315      489.83369    8.6753 
     29.512092      509.67033     9.018 
     30.199517      530.32584    9.3746 
     30.902954      551.83441    9.7457 
     31.622777      574.23167    10.132 
     32.359366      597.55475    10.534 
     33.113112      621.84235    10.952 
     33.884416       647.1348    11.387 
     34.673685       673.4741     11.84 
     35.481339      700.90407    12.311 
     36.307805      729.47033    12.801 
     37.153523      759.22046    13.312 
      38.01894      790.20402    13.843 
     38.904514      822.47269    14.396 
     39.810717      856.08029    14.972 
     40.738028      891.08295    15.571 
     41.686938      927.53915    16.194 
     42.657952      965.50985    16.843 
     43.651583      1005.0586    17.519 
     44.668359      1046.2515    18.222 
     45.708819      1089.1577    18.954 
     46.773514      1133.8491    19.715 
     47.863009      1180.4006    20.508 
     48.977882      1228.8904    21.334 
     50.118723      1279.3999    22.193 
     51.286138      1332.0141    23.088 
     52.480746      1386.8213    24.019 
      53.70318      1443.9138    24.989 
     54.954087      1503.3878    25.999 
     56.234133      1565.3435     27.05 
     57.543994      1629.8852    28.144 
     58.884366      1697.1219    29.283 
     60.255959       1767.167    30.469 
       61.6595      1840.1389    31.704 
     63.095734      1916.1608    32.989 
     64.565423      1995.3612    34.328 
     66.069345      2077.8742    35.722 
     67.608298      2163.8395    37.173 
     69.183097      2253.4025    38.684 
     70.794578      2346.7151    40.258 
     72.443596      2443.9355    41.896 
     74.131024      2545.2286    43.602 
     75.857758      2650.7663    45.379 
     77.624712      2760.7279    47.229 
     79.432823      2875.3002    49.156 
