#       energy         x-proj    sigmax 
#          MeV             um        um 
1e-05   0.0005718556 0.00098969 
1.023293e-05  0.00058017308 0.0010045 
1.0471285e-05  0.00058854787 0.0010183 
1.0715193e-05  0.00059698929 0.0010322 
1.0964782e-05  0.00060550596 0.0010463 
1.1220185e-05  0.00061410585 0.0010606 
1.1481536e-05  0.00062279639 0.0010751 
1.1748976e-05  0.00063158448 0.0010898 
1.2022644e-05  0.00064047662 0.0011046 
1.2302688e-05   0.0006494789 0.0011197 
1.2589254e-05  0.00065859711  0.001135 
1.2882496e-05  0.00066783672 0.0011505 
1.3182567e-05  0.00067720297 0.0011662 
1.3489629e-05  0.00068670087 0.0011821 
1.3803843e-05  0.00069633526 0.0011983 
1.4125375e-05   0.0007061108 0.0012146 
1.4454398e-05  0.00071603203 0.0012311 
1.4791084e-05  0.00072610338 0.0012479 
1.5135612e-05  0.00073632918 0.0012649 
1.5488166e-05  0.00074671369 0.0012821 
1.5848932e-05  0.00075726113 0.0012995 
1.6218101e-05  0.00076797564 0.0013172 
1.6595869e-05  0.00077886137 0.0013351 
1.6982437e-05  0.00078992242 0.0013532 
1.7378008e-05   0.0008011629 0.0013715 
1.7782794e-05  0.00081258693 0.0013901 
1.8197009e-05  0.00082419862  0.001409 
1.8620871e-05  0.00083600212 0.0014281 
1.9054607e-05  0.00084800159 0.0014474 
1.9498446e-05  0.00086020125  0.001467 
1.9952623e-05  0.00087260534 0.0014869 
2.0417379e-05  0.00088521815  0.001507 
2.0892961e-05  0.00089804403 0.0015274 
2.1379621e-05  0.00091108739 0.0015481 
2.1877616e-05  0.00092435269  0.001569 
2.2387211e-05  0.00093784447 0.0015902 
2.2908677e-05  0.00095156734 0.0016117 
2.3442288e-05  0.00096552598 0.0016335 
2.3988329e-05  0.00097972515 0.0016556 
2.4547089e-05   0.0009941697  0.001678 
2.5118864e-05   0.0010088646 0.0017007 
2.5703958e-05   0.0010238148 0.0017237 
2.630268e-05   0.0010390255 0.0017471 
2.6915348e-05   0.0010545018 0.0017707 
2.7542287e-05   0.0010702492 0.0017947 
2.8183829e-05    0.001086273  0.001819 
2.8840315e-05   0.0011025788 0.0018436 
2.9512092e-05   0.0011191722 0.0018686 
3.0199517e-05    0.001136059 0.0018939 
3.0902954e-05    0.001153245 0.0019196 
3.1622777e-05   0.0011707363 0.0019456 
3.2359366e-05    0.001188539  0.001972 
3.3113112e-05   0.0012066593 0.0019987 
3.3884416e-05   0.0012251037 0.0020259 
3.4673685e-05   0.0012438786 0.0020534 
3.5481339e-05   0.0012629907 0.0020813 
3.6307805e-05   0.0012824469 0.0021096 
3.7153523e-05    0.001302254 0.0021383 
3.801894e-05   0.0013224192 0.0021674 
3.8904514e-05   0.0013429497  0.002197 
3.9810717e-05   0.0013638529 0.0022269 
4.0738028e-05   0.0013851365 0.0022573 
4.1686938e-05    0.001406808 0.0022881 
4.2657952e-05   0.0014288755 0.0023193 
4.3651583e-05    0.001451347  0.002351 
4.4668359e-05   0.0014742307 0.0023832 
4.5708819e-05   0.0014975352 0.0024158 
4.6773514e-05   0.0015212689 0.0024489 
4.7863009e-05   0.0015454408 0.0024825 
4.8977882e-05   0.0015700597 0.0025165 
5.0118723e-05    0.001595135 0.0025511 
5.1286138e-05    0.001620676 0.0025861 
5.2480746e-05   0.0016466924 0.0026217 
5.370318e-05   0.0016731939 0.0026578 
5.4954087e-05   0.0017001906 0.0026944 
5.6234133e-05   0.0017276928 0.0027315 
5.7543994e-05   0.0017557109 0.0027692 
5.8884366e-05   0.0017842558 0.0028075 
6.0255959e-05   0.0018133384 0.0028463 
6.16595e-05   0.0018429698 0.0028856 
6.3095734e-05   0.0018731617 0.0029256 
6.4565423e-05   0.0019039257 0.0029661 
6.6069345e-05   0.0019352738 0.0030073 
6.7608298e-05   0.0019672182  0.003049 
6.9183097e-05   0.0019997716 0.0030914 
7.0794578e-05   0.0020329467 0.0031344 
7.2443596e-05   0.0020667567 0.0031781 
7.4131024e-05    0.002101215 0.0032223 
7.5857758e-05   0.0021363353 0.0032673 
7.7624712e-05   0.0021721317 0.0033129 
7.9432823e-05   0.0022086184 0.0033592 
8.1283052e-05   0.0022458103 0.0034062 
8.3176377e-05   0.0022837222 0.0034539 
8.5113804e-05   0.0023223696 0.0035023 
8.7096359e-05   0.0023617683 0.0035515 
8.9125094e-05   0.0024019341 0.0036013 
9.1201084e-05   0.0024428837  0.003652 
9.332543e-05   0.0024846338 0.0037034 
9.5499259e-05   0.0025272017 0.0037555 
9.7723722e-05   0.0025706049 0.0038085 
0.0001   0.0026148615 0.0038622 
0.0001023293   0.0026599898 0.0039168 
0.00010471285   0.0027060089 0.0039722 
0.00010715193   0.0027529379 0.0040284 
0.00010964782   0.0028007967 0.0040854 
0.00011220185   0.0028496053 0.0041434 
0.00011481536   0.0028993845 0.0042022 
0.00011748976   0.0029501555 0.0042619 
0.00012022644   0.0030019399 0.0043225 
0.00012302688   0.0030547599  0.004384 
0.00012589254    0.003108638 0.0044465 
0.00012882496   0.0031635976 0.0045099 
0.00013182567   0.0032196624 0.0045743 
0.00013489629   0.0032768567 0.0046397 
0.00013803843   0.0033352053  0.004706 
0.00014125375   0.0033947337 0.0047734 
0.00014454398    0.003455468 0.0048418 
0.00014791084   0.0035174348 0.0049112 
0.00015135612   0.0035806615 0.0049817 
0.00015488166   0.0036451759 0.0050532 
0.00015848932   0.0037110067 0.0051259 
0.00016218101   0.0037781832 0.0051996 
0.00016595869   0.0038467352 0.0052745 
0.00016982437   0.0039166935 0.0053506 
0.00017378008   0.0039880894 0.0054278 
0.00017782794   0.0040609551 0.0055061 
0.00018197009   0.0041353235 0.0055857 
0.00018620871   0.0042112282 0.0056665 
0.00019054607   0.0042887038 0.0057485 
0.00019498446   0.0043677854 0.0058317 
0.00019952623   0.0044485092 0.0059163 
0.00020417379   0.0045309122 0.0060021 
0.00020892961   0.0046150322 0.0060892 
0.00021379621    0.004700908 0.0061777 
0.00021877616   0.0047885792 0.0062675 
0.00022387211   0.0048780864 0.0063587 
0.00022908677   0.0049694711 0.0064512 
0.00023442288   0.0050627759 0.0065452 
0.00023988329   0.0051580443 0.0066406 
0.00024547089   0.0052553209 0.0067375 
0.00025118864   0.0053546514 0.0068358 
0.00025703958   0.0054560823 0.0069356 
0.0002630268   0.0055596615  0.007037 
0.00026915348    0.005665438 0.0071398 
0.00027542287   0.0057734617 0.0072443 
0.00028183829    0.005883784 0.0073503 
0.00028840315   0.0059964573 0.0074579 
0.00029512092   0.0061115353 0.0075672 
0.00030199517   0.0062290729 0.0076781 
0.00030902954   0.0063491264 0.0077907 
0.00031622777   0.0064717533 0.0079049 
0.00032359366   0.0065970125 0.0080209 
0.00033113112   0.0067249644 0.0081387 
0.00033884416   0.0068556705 0.0082582 
0.00034673685   0.0069891939 0.0083795 
0.00035481339   0.0071255993 0.0085027 
0.00036307805   0.0072649527 0.0086276 
0.00037153523   0.0074073217 0.0087545 
0.0003801894   0.0075527755 0.0088832 
0.00038904514   0.0077013848 0.0090139 
0.00039810717   0.0078532219 0.0091465 
0.00040738028    0.008008361 0.0092811 
0.00041686938   0.0081668778 0.0094176 
0.00042657952   0.0083288496 0.0095562 
0.00043651583   0.0084943558 0.0096969 
0.00044668359   0.0086634773 0.0098396 
0.00045708819    0.008836297 0.0099844 
0.00046773514   0.0090128997  0.010131 
0.00047863009   0.0091933718   0.01028 
0.00048977882   0.0093778021  0.010432 
0.00050118723    0.009566281  0.010585 
0.00051286138   0.0097589011  0.010741 
0.00052480746   0.0099557571  0.010899 
0.0005370318    0.010156946  0.011059 
0.00054954087    0.010362566  0.011222 
0.00056234133    0.010572718  0.011387 
0.00057543994    0.010787506  0.011554 
0.00058884366    0.011007035  0.011724 
0.00060255959    0.011231413  0.011896 
0.000616595    0.011460749   0.01207 
0.00063095734    0.011695158  0.012247 
0.00064565423    0.011934752  0.012427 
0.00066069345     0.01217965  0.012609 
0.00067608298    0.012429971  0.012793 
0.00069183097    0.012685838  0.012981 
0.00070794578    0.012947375   0.01317 
0.00072443596     0.01321471  0.013363 
0.00074131024    0.013487973  0.013558 
0.00075857758    0.013767297  0.013756 
0.00077624712    0.014052818  0.013956 
0.00079432823    0.014344673   0.01416 
0.00081283052    0.014643004  0.014365 
0.00083176377    0.014947954  0.014574 
0.00085113804    0.015259672  0.014786 
0.00087096359    0.015578305     0.015 
0.00089125094    0.015904008  0.015218 
0.00091201084    0.016236935  0.015438 
0.0009332543    0.016577246  0.015661 
0.00095499259    0.016925103  0.015887 
0.00097723722     0.01728067  0.016116 
0.001    0.017644116  0.016348 
0.001023293    0.018015611  0.016583 
0.0010471285    0.018395331  0.016821 
0.0010715193    0.018783453  0.017062 
0.0010964782    0.019180159  0.017306 
0.0011220185    0.019585632  0.017553 
0.0011481536    0.020000062  0.017803 
0.0011748976    0.020423638  0.018056 
0.0012022644    0.020856557  0.018313 
0.0012302688    0.021299015  0.018572 
0.0012589254    0.021751215  0.018835 
0.0012882496    0.022213362  0.019101 
0.0013182567    0.022685665   0.01937 
0.0013489629    0.023168336  0.019642 
0.0013803843    0.023661591  0.019918 
0.0014125375    0.024165651  0.020196 
0.0014454398    0.024680738  0.020478 
0.0014791084     0.02520708  0.020764 
0.0015135612    0.025744908  0.021052 
0.0015488166    0.026294457  0.021344 
0.0015848932    0.026855965  0.021639 
0.0016218101    0.027429674  0.021937 
0.0016595869    0.028015831  0.022239 
0.0016982437    0.028614686  0.022544 
0.0017378008    0.029226493  0.022852 
0.0017782794     0.02985151  0.023163 
0.0018197009    0.030489999  0.023478 
0.0018620871    0.031142226  0.023796 
0.0019054607     0.03180846  0.024117 
0.0019498446    0.032488976  0.024442 
0.0019952623    0.033184052   0.02477 
0.0020417379     0.03389397  0.025101 
0.0020892961    0.034619015  0.025435 
0.0021379621    0.035359478  0.025773 
0.0021877616    0.036115654  0.026114 
0.0022387211     0.03688784  0.026458 
0.0022908677    0.037676339  0.026806 
0.0023442288    0.038481458  0.027157 
0.0023988329    0.039303508  0.027511 
0.0024547089    0.040142803  0.027868 
0.0025118864    0.040999663  0.028228 
0.0025703958    0.041874411  0.028592 
0.002630268    0.042767375  0.028958 
0.0026915348    0.043678887  0.029328 
0.0027542287    0.044609281  0.029701 
0.0028183829      0.0455589  0.030077 
0.0028840315    0.046528087  0.030456 
0.0029512092     0.04751719  0.030838 
0.0030199517    0.048526563  0.031223 
0.0030902954    0.049556564  0.031611 
0.0031622777    0.050607553  0.032002 
0.0032359366    0.051679896  0.032396 
0.0033113112    0.052773964  0.032793 
0.0033884416     0.05389013  0.033192 
0.0034673685    0.055028774  0.033595 
0.0035481339    0.056190278     0.034 
0.0036307805     0.05737503  0.034408 
0.0037153523    0.058583421  0.034819 
0.003801894    0.059815847  0.035232 
0.0038904514    0.061072708  0.035648 
0.0039810717    0.062354409  0.036067 
0.0040738028    0.063661359  0.036488 
0.0041686938    0.064993971  0.036912 
0.0042657952    0.066352662  0.037338 
0.0043651583    0.067737855  0.037766 
0.0044668359    0.069149976  0.038197 
0.0045708819    0.070589455  0.038631 
0.0046773514    0.072056729  0.039066 
0.0047863009    0.073552235  0.039504 
0.0048977882    0.075076419  0.039944 
0.0050118723    0.076629729  0.040385 
0.0051286138    0.078212617  0.040829 
0.0052480746    0.079825542  0.041275 
0.005370318    0.081468964  0.041723 
0.0054954087    0.083143349  0.042173 
0.0056234133     0.08484917  0.042625 
0.0057543994    0.086586901  0.043078 
0.0058884366    0.088357021  0.043534 
0.0060255959    0.090160016   0.04399 
0.00616595    0.091996374  0.044449 
0.0063095734    0.093866589  0.044909 
0.0064565423    0.095771159   0.04537 
0.0066069345    0.097710587  0.045833 
0.0067608298    0.099685382  0.046297 
0.0069183097     0.10169605  0.046763 
0.0070794578     0.10374312  0.047229 
0.0072443596     0.10582711  0.047697 
0.0074131024     0.10794853  0.048166 
0.0075857758     0.11010794  0.048636 
0.0077624712     0.11230585  0.049107 
0.0079432823     0.11454282  0.049579 
0.0081283052     0.11681939  0.050052 
0.0083176377     0.11913611  0.050525 
0.0085113804     0.12149354     0.051 
0.0087096359     0.12389223  0.051475 
0.0089125094     0.12633276   0.05195 
0.0091201084      0.1288157  0.052426 
0.009332543     0.13134163  0.052902 
0.0095499259     0.13391112  0.053379 
0.0097723722     0.13652477  0.053856 
0.01     0.13918316  0.054334 
0.01023293     0.14188691  0.054811 
0.010471285      0.1446366  0.055289 
0.010715193     0.14743286  0.055767 
0.010964782      0.1502763  0.056245 
0.011220185     0.15316753  0.056723 
0.011481536      0.1561072    0.0572 
0.011748976     0.15909592  0.057678 
0.012022644     0.16213434  0.058155 
0.012302688     0.16522311  0.058632 
0.012589254     0.16836288  0.059108 
0.012882496      0.1715543  0.059584 
0.013182567     0.17479803   0.06006 
0.013489629     0.17809476  0.060535 
0.013803843     0.18144515  0.061009 
0.014125375      0.1848499  0.061483 
0.014454398     0.18830968  0.061956 
0.014791084     0.19182521  0.062429 
0.015135612     0.19539717    0.0629 
0.015488166     0.19902629  0.063371 
0.015848932     0.20271328   0.06384 
0.016218101     0.20645887  0.064309 
0.016595869     0.21026378  0.064777 
0.016982437     0.21412877  0.065243 
0.017378008     0.21805458  0.065708 
0.017782794     0.22204196  0.066173 
0.018197009     0.22609167  0.066636 
0.018620871      0.2302045  0.067097 
0.019054607     0.23438121  0.067557 
0.019498446      0.2386226  0.068016 
0.019952623     0.24292946  0.068474 
0.020417379      0.2473026   0.06893 
0.020892961     0.25174283  0.069384 
0.021379621     0.25625096  0.069837 
0.021877616     0.26082784  0.070288 
0.022387211      0.2654743  0.070738 
0.022908677     0.27019118  0.071186 
0.023442288     0.27497936  0.071632 
0.023988329     0.27983968  0.072076 
0.024547089     0.28477304  0.072519 
0.025118864     0.28978049   0.07296 
0.025703958     0.29486829  0.073399 
0.02630268     0.30004036  0.073838 
0.026915348     0.30529829  0.074275 
0.027542287     0.31064374  0.074711 
0.028183829     0.31607843  0.075146 
0.028840315     0.32160413   0.07558 
0.029512092     0.32722268  0.076013 
0.030199517     0.33293599  0.076445 
0.030902954     0.33874602  0.076877 
0.031622777     0.34465482  0.077307 
0.032359366     0.35066453  0.077736 
0.033113112     0.35677735  0.078165 
0.033884416     0.36299558  0.078592 
0.034673685     0.36932158   0.07902 
0.035481339     0.37575784  0.079446 
0.036307805     0.38230693  0.079872 
0.037153523     0.38897153  0.080297 
0.03801894     0.39575441  0.080721 
0.038904514     0.40265849  0.081146 
0.039810717     0.40968676   0.08157 
0.040738028     0.41684239  0.081993 
0.041686938     0.42412863  0.082417 
0.042657952      0.4315489   0.08284 
0.043651583     0.43910675  0.083263 
0.044668359     0.44680589  0.083686 
0.045708819     0.45465018   0.08411 
0.046773514     0.46264367  0.084533 
0.047863009     0.47079054  0.084957 
0.048977882      0.4790952  0.085382 
0.050118723     0.48756223  0.085807 
0.051286138     0.49619641  0.086232 
0.052480746     0.50500274  0.086659 
0.05370318     0.51398644  0.087086 
0.054954087     0.52315295  0.087515 
0.056234133     0.53250799  0.087944 
0.057543994     0.54205748  0.088375 
0.058884366     0.55180767  0.088808 
0.060255959     0.56176503  0.089242 
0.0616595     0.57193638  0.089679 
0.063095734     0.58232881  0.090117 
0.064565423     0.59294974  0.090557 
0.066069345     0.60380693     0.091 
0.067608298     0.61490851  0.091445 
0.069183097     0.62626296  0.091894 
0.070794578     0.63787914  0.092345 
0.072443596     0.64976633  0.092799 
0.074131024     0.66193423  0.093257 
0.075857758     0.67439299  0.093719 
0.077624712      0.6871532  0.094185 
0.079432823     0.70022594  0.094655 
0.081283052      0.7136228   0.09513 
0.083176377     0.72735589  0.095609 
0.085113804     0.74143788  0.096094 
0.087096359     0.75588198  0.096584 
0.089125094     0.77070203   0.09708 
0.091201084     0.78591247  0.097583 
0.09332543     0.80152839  0.098092 
0.095499259     0.81756555  0.098607 
0.097723722     0.83404042   0.09913 
0.1     0.85097018  0.099661 
0.1023293     0.86837279    0.1002 
0.10471285     0.88626696   0.10075 
0.10715193     0.90467226   0.10131 
0.10964782     0.92360906   0.10187 
0.11220185     0.94309864   0.10245 
0.11481536     0.96316318   0.10304 
0.11748976     0.98382581   0.10364 
0.12022644      1.0051106   0.10425 
0.12302688      1.0270427   0.10487 
0.12589254      1.0496483   0.10551 
0.12882496      1.0729546   0.10616 
0.13182567      1.0969899   0.10682 
0.13489629      1.1217838    0.1075 
0.13803843      1.1473669    0.1082 
0.14125375      1.1737713   0.10891 
0.14454398      1.2010301   0.10965 
0.14791084      1.2291779    0.1104 
0.15135612      1.2582505   0.11117 
0.15488166      1.2882851   0.11196 
0.15848932      1.3193206   0.11277 
0.16218101       1.351397   0.11361 
0.16595869      1.3845561   0.11447 
0.16982437      1.4188412   0.11535 
0.17378008      1.4542971   0.11626 
0.17782794      1.4909704    0.1172 
0.18197009      1.5289094   0.11817 
0.18620871      1.5681641   0.11917 
0.19054607      1.6087864    0.1202 
0.19498446      1.6508299   0.12126 
0.19952623      1.6943504   0.12236 
0.20417379      1.7394055    0.1235 
0.20892961      1.7860549   0.12467 
0.21379621      1.8343603   0.12588 
0.21877616      1.8843859   0.12714 
0.22387211      1.9361977   0.12844 
0.22908677      1.9898644   0.12978 
0.23442288       2.045457   0.13117 
0.23988329      2.1030488   0.13261 
0.24547089      2.1627159   0.13411 
0.25118864       2.224537   0.13566 
0.25703958      2.2885935   0.13726 
0.2630268      2.3549695   0.13893 
0.26915348      2.4237524   0.14065 
0.27542287      2.4950324   0.14244 
0.28183829       2.568903    0.1443 
0.28840315      2.6454607   0.14623 
0.29512092      2.7248059   0.14823 
0.30199517      2.8070421    0.1503 
0.30902954      2.8922768   0.15246 
0.31622777      2.9806212    0.1547 
0.32359366      3.0721905   0.15702 
0.33113112      3.1671039   0.15943 
0.33884416      3.2654853   0.16193 
0.34673685      3.3674626   0.16453 
0.35481339      3.4731688   0.16722 
0.36307805      3.5827416   0.17002 
0.37153523      3.6963236   0.17293 
0.3801894      3.8140629   0.17595 
0.38904514       3.936113   0.17908 
0.39810717      4.0626332   0.18233 
0.40738028      4.1937888   0.18571 
0.41686938      4.3297511   0.18922 
0.42657952       4.470698   0.19285 
0.43651583      4.6168142   0.19663 
0.44668359      4.7682913   0.20055 
0.45708819      4.9253285   0.20462 
0.46773514      5.0881322   0.20884 
0.47863009      5.2569171   0.21321 
0.48977882      5.4319061   0.21776 
0.50118723      5.6133305   0.22247 
0.51286138      5.8014309   0.22736 
0.52480746      5.9964572   0.23243 
0.5370318      6.1986689   0.23769 
0.54954087      6.4083357   0.24315 
0.56234133       6.625738   0.24881 
0.57543994      6.8511671   0.25468 
0.58884366      7.0849258   0.26076 
0.60255959       7.327329   0.26707 
0.616595      7.5787038   0.27361 
0.63095734      7.8393905    0.2804 
0.64565423      8.1097427   0.28743 
0.66069345      8.3901282   0.29471 
0.67608298      8.6809294   0.30227 
0.69183097      8.9825439    0.3101 
0.70794578      9.2953853   0.31821 
0.72443596      9.6198835   0.32662 
0.74131024       9.956486   0.33534 
0.75857758      10.305658   0.34437 
0.77624712      10.667883   0.35373 
0.79432823      11.043664   0.36343 
0.81283052      11.433525   0.37348 
0.83176377      11.838011   0.38389 
0.85113804      12.257687   0.39468 
0.87096359      12.693144   0.40586 
0.89125094      13.144994   0.41744 
0.91201084      13.613874   0.42944 
0.9332543       14.10045   0.44188 
0.95499259       14.60541   0.45476 
0.97723722      15.129474   0.46811 
1      15.673388   0.48195 
1.023293       16.23793   0.49628 
1.0471285       16.82391   0.51113 
1.0715193      17.432169   0.52651 
1.0964782      18.063584   0.54245 
1.1220185      18.719066   0.55897 
1.1481536      19.399564   0.57609 
1.1748976      20.106065   0.59383 
1.2022644      20.839597    0.6122 
1.2302688      21.601229   0.63125 
1.2589254      22.392073   0.65099 
1.2882496      23.213289   0.67144 
1.3182567      24.066081   0.69263 
1.3489629      24.951703    0.7146 
1.3803843      25.871462   0.73737 
1.4125375      26.826717   0.76097 
1.4454398      27.818881   0.78542 
1.4791084      28.849428   0.81077 
1.5135612      29.919889   0.83705 
1.5488166      31.031859   0.86429 
1.5848932         32.187   0.89253 
1.6218101       33.38704    0.9218 
1.6595869      34.633776   0.95215 
1.6982437      35.929084   0.98361 
1.7378008      37.274911    1.0162 
1.7782794      38.673288    1.0501 
1.8197009      40.126327    1.0851 
1.8620871      41.636228    1.1215 
1.9054607      43.205281    1.1592 
1.9498446       44.83587    1.1983 
1.9952623      46.530477    1.2389 
2.0417379      48.291686    1.2809 
2.0892961      50.122187    1.3246 
2.1379621       52.02478    1.3698 
2.1877616      54.002384    1.4168 
2.2387211      56.058033    1.4655 
2.2908677      58.194889     1.516 
2.3442288      60.416245    1.5684 
2.3988329      62.725528    1.6227 
2.4547089      65.126306    1.6791 
2.5118864      67.622296    1.7377 
2.5703958      70.217369    1.7984 
2.630268      72.915553    1.8614 
2.6915348      75.721044    1.9268 
2.7542287      78.638212    1.9946 
2.8183829      81.671607    2.0651 
2.8840315      84.825968    2.1381 
2.9512092      88.106229     2.214 
3.0199517      91.517528    2.2927 
3.0902954      95.065218    2.3744 
3.1622777      98.754871    2.4593 
3.2359366      102.59229    2.5473 
3.3113112      106.58353    2.6387 
3.3884416      110.73487    2.7336 
3.4673685      115.05288    2.8321 
3.5481339      119.54438    2.9344 
3.6307805      124.21648    3.0406 
3.7153523      129.07661    3.1509 
3.801894      134.13246    3.2654 
3.8904514      139.39207    3.3843 
3.9810717      144.86383    3.5077 
4.0738028      150.55644    3.6359 
4.1686938      156.47898    3.7691 
4.2657952      162.64092    3.9074 
4.3651583      169.05211     4.051 
4.4668359      175.72281    4.2002 
4.5708819      182.66371    4.3551 
4.6773514      189.88595    4.5161 
4.7863009      197.40113    4.6833 
4.8977882      205.22134    4.8569 
5.0118723      213.35916    5.0373 
5.1286138       221.8277    5.2248 
5.2480746      230.64063    5.4195 
5.370318      239.81218    5.6218 
5.4954087      249.35718     5.832 
5.6234133      259.29106    6.0503 
5.7543994      269.62993    6.2773 
5.8884366      280.39054     6.513 
6.0255959      291.59036     6.758 
6.16595      303.24759    7.0126 
6.3095734      315.38117    7.2772 
6.4565423      328.01087    7.5522 
6.6069345      341.15725    7.8379 
6.7608298      354.84176    8.1348 
6.9183097      369.08673    8.4435 
7.0794578      383.91544    8.7643 
7.2443596      399.35212    9.0977 
7.4131024      415.42206    9.4442 
7.5857758      432.15156    9.8044 
7.7624712      449.56807    10.179 
7.9432823      467.70015    10.568 
8.1283052      486.57759    10.973 
8.3176377      506.23142    11.393 
8.5113804      526.69397    11.831 
8.7096359      547.99893    12.285 
8.9125094      570.18141    12.758 
9.1201084      593.27798    13.249 
9.332543      617.32677     13.76 
9.5499259      642.36751    14.291 
9.7723722      668.44158    14.844 
10      695.59212    15.418 
10.23293      723.86408    16.015 
10.471285      753.30431    16.636 
10.715193      783.96162    17.281 
10.964782      815.88688    17.953 
11.220185       849.1331    18.651 
11.481536      883.75554    19.377 
11.748976      919.81178    20.132 
12.022644      957.36181    20.918 
12.302688      996.46817    21.735 
12.589254       1037.196    22.584 
12.882496      1079.6133    23.468 
13.182567      1123.7909    24.386 
13.489629      1169.8024    25.342 
13.803843      1217.7248    26.336 
14.125375      1267.6382    27.371 
14.454398      1319.6262    28.446 
14.791084      1373.7758    29.565 
15.135612      1430.1777    30.729 
15.488166      1488.9265     31.94 
15.848932      1550.1208    33.199 
16.218101      1613.8633     34.51 
16.595869      1680.2611    35.873 
16.982437      1749.4258    37.291 
17.378008      1821.4737    38.766 
17.782794      1896.5261    40.301 
18.197009      1974.7094    41.899 
18.620871      2056.1552     43.56 
19.054607      2141.0011    45.289 
19.498446        2229.39    47.088 
19.952623      2321.4712    48.959 
20.417379      2417.4002    50.907 
20.892961      2517.3392    52.933 
21.379621       2621.457    55.042 
21.877616        2729.93    57.236 
22.387211      2842.9418    59.519 
22.908677      2960.6836    61.895 
23.442288      3083.3552    64.368 
23.988329      3211.1646    66.941 
24.547089      3344.3285    69.619 
25.118864       3483.073    72.405 
25.703958      3627.6339    75.305 
26.30268      3778.2567    78.324 
26.915348      3935.1976    81.465 
27.542287      4098.7235    84.734 
28.183829      4269.1129    88.137 
28.840315      4446.6558    91.679 
29.512092      4631.6548    95.365 
30.199517      4824.4253    99.201 
30.902954       5025.296    103.19 
31.622777      5234.6097    107.35 
32.359366      5452.7238    111.68 
33.113112      5680.0109    116.18 
33.884416      5916.8594    120.87 
34.673685      6163.6742    125.75 
35.481339      6420.8776    130.83 
36.307805      6688.9098    136.12 
37.153523      6968.2297    141.62 
38.01894      7259.3158    147.35 
38.904514      7562.6671    153.32 
39.810717      7878.8036    159.53 
40.738028      8208.2678    165.99 
41.686938      8551.6251    172.73 
42.657952      8909.4651    179.73 
43.651583      9282.4024    187.03 
44.668359      9671.0781    194.62 
45.708819       10076.16    202.53 
46.773514      10498.346    210.77 
47.863009      10938.362    219.34 
48.977882      11396.966    228.27 
50.118723      11874.947    237.56 
51.286138      12373.129    247.24 
52.480746      12892.371    257.31 
53.70318      13433.569     267.8 
54.954087      13997.656    278.73 
56.234133      14585.606     290.1 
57.543994      15198.434    301.95 
58.884366        15837.2    314.28 
60.255959      16503.007    327.13 
61.6595      17197.005     340.5 
63.095734      17920.397    354.43 
64.565423      18674.433    368.94 
66.069345      19460.419    384.04 
67.608298      20279.716    399.77 
69.183097      21133.743    416.15 
70.794578      22023.981    433.21 
72.443596      22951.973    450.98 
74.131024      23919.329    469.48 
75.857758      24927.727    488.75 
77.624712      25978.918    508.82 
79.432823      27074.727    529.72 