#       energy         x-proj    sigmax 
#          MeV             um        um 
         1e-05  0.00046765155 0.00071816 
  1.023293e-05  0.00047570732 0.00071483 
 1.0471285e-05  0.00048345951 0.00072405 
 1.0715193e-05  0.00049097888 0.00073359 
 1.0964782e-05  0.00049832378 0.0007434 
 1.1220185e-05   0.0005055424 0.00075346 
 1.1481536e-05  0.00051267463 0.00076373 
 1.1748976e-05  0.00051975353 0.00077422 
 1.2022644e-05   0.0005268066 0.00078489 
 1.2302688e-05  0.00053385679 0.00079574 
 1.2589254e-05   0.0005409233 0.00080676 
 1.2882496e-05  0.00054802228 0.00081794 
 1.3182567e-05  0.00055516735 0.00082927 
 1.3489629e-05  0.00056237011 0.00084075 
 1.3803843e-05  0.00056964046 0.00085238 
 1.4125375e-05  0.00057698693 0.00086415 
 1.4454398e-05  0.00058441692 0.00087607 
 1.4791084e-05  0.00059193693 0.00088813 
 1.5135612e-05   0.0005995527 0.00090033 
 1.5488166e-05  0.00060726936 0.00091267 
 1.5848932e-05  0.00061509155 0.00092516 
 1.6218101e-05  0.00062302351 0.0009378 
 1.6595869e-05  0.00063106915 0.00095058 
 1.6982437e-05  0.00063923214 0.00096352 
 1.7378008e-05  0.00064751594 0.0009766 
 1.7782794e-05  0.00065592383 0.00098983 
 1.8197009e-05    0.000664459 0.0010032 
 1.8620871e-05  0.00067312452 0.0010168 
 1.9054607e-05  0.00068192341 0.0010305 
 1.9498446e-05  0.00069085864 0.0010444 
 1.9952623e-05  0.00069993313 0.0010584 
 2.0417379e-05  0.00070914981 0.0010726 
 2.0892961e-05  0.00071851161  0.001087 
 2.1379621e-05  0.00072802145 0.0011015 
 2.1877616e-05  0.00073768228 0.0011163 
 2.2387211e-05  0.00074749706 0.0011312 
 2.2908677e-05  0.00075746881 0.0011463 
 2.3442288e-05  0.00076760056 0.0011616 
 2.3988329e-05   0.0007778954  0.001177 
 2.4547089e-05  0.00078835646 0.0011927 
 2.5118864e-05  0.00079898692 0.0012086 
 2.5703958e-05  0.00080979001 0.0012247 
  2.630268e-05  0.00082076903 0.0012409 
 2.6915348e-05  0.00083192733 0.0012574 
 2.7542287e-05  0.00084326833 0.0012741 
 2.8183829e-05  0.00085479552  0.001291 
 2.8840315e-05  0.00086651243 0.0013082 
 2.9512092e-05  0.00087842271 0.0013256 
 3.0199517e-05  0.00089053003 0.0013431 
 3.0902954e-05  0.00090283818  0.001361 
 3.1622777e-05    0.000915351  0.001379 
 3.2359366e-05  0.00092807241 0.0013973 
 3.3113112e-05  0.00094100644 0.0014159 
 3.3884416e-05  0.00095415716 0.0014347 
 3.4673685e-05  0.00096752877 0.0014538 
 3.5481339e-05  0.00098112552 0.0014731 
 3.6307805e-05  0.00099495179 0.0014927 
 3.7153523e-05    0.001009012 0.0015125 
  3.801894e-05   0.0010233107 0.0015327 
 3.8904514e-05   0.0010378526 0.0015531 
 3.9810717e-05   0.0010526424 0.0015738 
 4.0738028e-05   0.0010676849 0.0015948 
 4.1686938e-05   0.0010829851  0.001616 
 4.2657952e-05   0.0010985481 0.0016376 
 4.3651583e-05    0.001114379 0.0016595 
 4.4668359e-05   0.0011304831 0.0016817 
 4.5708819e-05   0.0011468658 0.0017042 
 4.6773514e-05   0.0011635325 0.0017271 
 4.7863009e-05   0.0011804891 0.0017503 
 4.8977882e-05   0.0011977411 0.0017738 
 5.0118723e-05   0.0012152945 0.0017976 
 5.1286138e-05   0.0012331553 0.0018218 
 5.2480746e-05   0.0012513297 0.0018464 
  5.370318e-05   0.0012698239 0.0018713 
 5.4954087e-05   0.0012886443 0.0018966 
 5.6234133e-05   0.0013077976 0.0019223 
 5.7543994e-05   0.0013272904 0.0019483 
 5.8884366e-05   0.0013471295 0.0019747 
 6.0255959e-05   0.0013673221 0.0020016 
   6.16595e-05   0.0013878752 0.0020288 
 6.3095734e-05   0.0014087962 0.0020564 
 6.4565423e-05   0.0014300926 0.0020845 
 6.6069345e-05    0.001451772  0.002113 
 6.7608298e-05   0.0014738423 0.0021419 
 6.9183097e-05   0.0014963116 0.0021713 
 7.0794578e-05   0.0015191879 0.0022011 
 7.2443596e-05   0.0015424797 0.0022314 
 7.4131024e-05   0.0015661955 0.0022621 
 7.5857758e-05   0.0015903442 0.0022934 
 7.7624712e-05   0.0016149346 0.0023251 
 7.9432823e-05    0.001639976 0.0023573 
 8.1283052e-05   0.0016654776   0.00239 
 8.3176377e-05   0.0016914492 0.0024232 
 8.5113804e-05   0.0017179006 0.0024569 
 8.7096359e-05   0.0017448417 0.0024912 
 8.9125094e-05   0.0017722828  0.002526 
 9.1201084e-05   0.0018002346 0.0025614 
  9.332543e-05   0.0018287076 0.0025973 
 9.5499259e-05   0.0018577129 0.0026339 
 9.7723722e-05   0.0018872619  0.002671 
        0.0001   0.0019173659 0.0027087 
  0.0001023293   0.0019480368  0.002747 
 0.00010471285   0.0019792867 0.0027859 
 0.00010715193   0.0020111279 0.0028254 
 0.00010964782   0.0020435731 0.0028656 
 0.00011220185   0.0020766351 0.0029065 
 0.00011481536   0.0021103273  0.002948 
 0.00011748976   0.0021446632 0.0029902 
 0.00012022644   0.0021796567 0.0030331 
 0.00012302688   0.0022153219 0.0030767 
 0.00012589254   0.0022516735 0.0031211 
 0.00012882496   0.0022887264 0.0031661 
 0.00013182567   0.0023264957 0.0032119 
 0.00013489629   0.0023649971 0.0032585 
 0.00013803843   0.0024042466 0.0033059 
 0.00014125375   0.0024442605  0.003354 
 0.00014454398   0.0024850557  0.003403 
 0.00014791084   0.0025266493 0.0034528 
 0.00015135612    0.002569059 0.0035034 
 0.00015488166   0.0026123026 0.0035549 
 0.00015848932   0.0026563988 0.0036072 
 0.00016218101   0.0027013663 0.0036605 
 0.00016595869   0.0027472246 0.0037146 
 0.00016982437   0.0027939935 0.0037697 
 0.00017378008   0.0028416933 0.0038258 
 0.00017782794   0.0028903449 0.0038828 
 0.00018197009   0.0029399696 0.0039407 
 0.00018620871   0.0029905893 0.0039997 
 0.00019054607   0.0030422264 0.0040597 
 0.00019498446   0.0030949039 0.0041208 
 0.00019952623   0.0031486452 0.0041829 
 0.00020417379   0.0032034746  0.004246 
 0.00020892961   0.0032594167 0.0043103 
 0.00021379621   0.0033164969 0.0043758 
 0.00021877616   0.0033747412 0.0044423 
 0.00022387211   0.0034341763 0.0045101 
 0.00022908677   0.0034948293  0.004579 
 0.00023442288   0.0035567283 0.0046491 
 0.00023988329    0.003619902 0.0047205 
 0.00024547089   0.0036843799 0.0047932 
 0.00025118864   0.0037501921 0.0048672 
 0.00025703958   0.0038173695 0.0049424 
  0.0002630268   0.0038859439 0.0050191 
 0.00026915348   0.0039559478 0.0050971 
 0.00027542287   0.0040274145 0.0051765 
 0.00028183829   0.0041003784 0.0052573 
 0.00028840315   0.0041748745 0.0053396 
 0.00029512092   0.0042509389 0.0054234 
 0.00030199517   0.0043286084 0.0055087 
 0.00030902954   0.0044079209 0.0055955 
 0.00031622777   0.0044889154 0.0056839 
 0.00032359366   0.0045716317 0.0057739 
 0.00033113112   0.0046561107 0.0058656 
 0.00033884416   0.0047423945  0.005959 
 0.00034673685    0.004830526  0.006054 
 0.00035481339   0.0049205496 0.0061509 
 0.00036307805   0.0050125105 0.0062495 
 0.00037153523   0.0051064553 0.0063499 
  0.0003801894   0.0052024318 0.0064521 
 0.00038904514    0.005300489 0.0065563 
 0.00039810717   0.0054006772 0.0066624 
 0.00040738028    0.005503048 0.0067705 
 0.00041686938   0.0056076546 0.0068806 
 0.00042657952   0.0057145513 0.0069927 
 0.00043651583   0.0058237939  0.007107 
 0.00044668359   0.0059354397 0.0072234 
 0.00045708819   0.0060495478  0.007342 
 0.00046773514   0.0061661784 0.0074628 
 0.00047863009   0.0062853936 0.0075859 
 0.00048977882   0.0064072572 0.0077113 
 0.00050118723   0.0065318344 0.0078391 
 0.00051286138   0.0066591925 0.0079693 
 0.00052480746   0.0067894003  0.008102 
  0.0005370318   0.0069225287 0.0082372 
 0.00054954087   0.0070586504  0.008375 
 0.00056234133   0.0071978399 0.0085154 
 0.00057543994    0.007340174 0.0086585 
 0.00058884366   0.0074857313 0.0088044 
 0.00060255959   0.0076345927 0.0089531 
   0.000616595    0.007786841 0.0091046 
 0.00063095734   0.0079425617 0.0092591 
 0.00064565423   0.0081018421 0.0094165 
 0.00066069345   0.0082647722  0.009577 
 0.00067608298   0.0084314444 0.0097406 
 0.00069183097   0.0086019533 0.0099074 
 0.00070794578   0.0087763964  0.010077 
 0.00072443596   0.0089548736  0.010251 
 0.00074131024   0.0091374877  0.010428 
 0.00075857758   0.0093243442  0.010608 
 0.00077624712   0.0095155512  0.010791 
 0.00079432823   0.0097112201  0.010979 
 0.00081283052   0.0099114652   0.01117 
 0.00083176377    0.010116404  0.011365 
 0.00085113804    0.010326156  0.011563 
 0.00087096359    0.010540846  0.011766 
 0.00089125094    0.010760601  0.011972 
 0.00091201084    0.010985551  0.012183 
  0.0009332543     0.01121583  0.012398 
 0.00095499259    0.011451577  0.012617 
 0.00097723722    0.011692931  0.012841 
         0.001    0.011940039  0.013069 
   0.001023293    0.012193049  0.013301 
  0.0010471285    0.012452114  0.013538 
  0.0010715193    0.012717392   0.01378 
  0.0010964782    0.012989043  0.014027 
  0.0011220185    0.013267234  0.014279 
  0.0011481536    0.013552134  0.014536 
  0.0011748976    0.013843917  0.014798 
  0.0012022644    0.014142764  0.015066 
  0.0012302688    0.014448857  0.015339 
  0.0012589254    0.014762386  0.015617 
  0.0012882496    0.015083544  0.015901 
  0.0013182567     0.01541253  0.016191 
  0.0013489629    0.015749549  0.016487 
  0.0013803843    0.016094809  0.016789 
  0.0014125375    0.016448525  0.017097 
  0.0014454398    0.016810919  0.017411 
  0.0014791084    0.017182216  0.017732 
  0.0015135612    0.017562648   0.01806 
  0.0015488166    0.017952454  0.018394 
  0.0015848932    0.018351877   0.01873 
  0.0016218101    0.018761168  0.019067 
  0.0016595869    0.019180585  0.019411 
  0.0016982437     0.01961039  0.019761 
  0.0017378008    0.020050854  0.020118 
  0.0017782794    0.020502253  0.020482 
  0.0018197009    0.020964872  0.020853 
  0.0018620871    0.021439002  0.021231 
  0.0019054607    0.021924942  0.021615 
  0.0019498446    0.022422996  0.022008 
  0.0019952623     0.02293348  0.022407 
  0.0020417379    0.023456713  0.022814 
  0.0020892961    0.023993024  0.023229 
  0.0021379621    0.024542753  0.023651 
  0.0021877616    0.025106242  0.024081 
  0.0022387211    0.025683847  0.024519 
  0.0022908677    0.026275929  0.024966 
  0.0023442288     0.02688286  0.025421 
  0.0023988329    0.027505019  0.025884 
  0.0024547089    0.028142795  0.026355 
  0.0025118864    0.028796586  0.026835 
  0.0025703958    0.029466799  0.027325 
   0.002630268    0.030153852  0.027823 
  0.0026915348     0.03085817   0.02833 
  0.0027542287    0.031580191  0.028846 
  0.0028183829     0.03232036  0.029371 
  0.0028840315    0.033079133  0.029906 
  0.0029512092    0.033856977  0.030451 
  0.0030199517    0.034654371  0.031005 
  0.0030902954      0.0354718   0.03157 
  0.0031622777    0.036309764  0.032144 
  0.0032359366    0.037168773  0.032728 
  0.0033113112    0.038049347  0.033323 
  0.0033884416    0.038952017  0.033928 
  0.0034673685    0.039877327  0.034543 
  0.0035481339    0.040825832  0.035169 
  0.0036307805    0.041798099  0.035806 
  0.0037153523    0.042794704  0.036454 
   0.003801894    0.043816239  0.037113 
  0.0038904514    0.044863307  0.037783 
  0.0039810717    0.045936521  0.038464 
  0.0040738028    0.047034514  0.039155 
  0.0041686938    0.048153784  0.039851 
  0.0042657952    0.049294817  0.040554 
  0.0043651583    0.050458218  0.041263 
  0.0044668359     0.05164458  0.041981 
  0.0045708819    0.052854489  0.042705 
  0.0046773514    0.054088522  0.043437 
  0.0047863009    0.055347251  0.044177 
  0.0048977882    0.056631241  0.044925 
  0.0050118723    0.057941051   0.04568 
  0.0051286138    0.059277237  0.046442 
  0.0052480746    0.060640348  0.047212 
   0.005370318    0.062030929  0.047988 
  0.0054954087    0.063449523  0.048772 
  0.0056234133    0.064896668  0.049563 
  0.0057543994    0.066372898  0.050361 
  0.0058884366    0.067878746  0.051165 
  0.0060255959     0.06941474  0.051976 
    0.00616595    0.070981408  0.052793 
  0.0063095734    0.072579273  0.053616 
  0.0064565423    0.074208857  0.054446 
  0.0066069345    0.075870681  0.055281 
  0.0067608298    0.077565261  0.056122 
  0.0069183097    0.079293114  0.056969 
  0.0070794578    0.081054755  0.057821 
  0.0072443596    0.082850695  0.058678 
  0.0074131024    0.084681446   0.05954 
  0.0075857758    0.086547518  0.060408 
  0.0077624712    0.088449418   0.06128 
  0.0079432823    0.090387654  0.062156 
  0.0081283052    0.092362731  0.063037 
  0.0083176377    0.094375155  0.063922 
  0.0085113804    0.096425428  0.064811 
  0.0087096359    0.098514054  0.065704 
  0.0089125094     0.10064153  0.066601 
  0.0091201084     0.10280837  0.067501 
   0.009332543     0.10501506  0.068404 
  0.0095499259     0.10726211   0.06931 
  0.0097723722     0.10955001   0.07022 
          0.01     0.11187927  0.071131 
    0.01023293     0.11425038  0.072046 
   0.010471285     0.11666384  0.072962 
   0.010715193     0.11912015  0.073881 
   0.010964782      0.1216198  0.074802 
   0.011220185      0.1241633  0.075724 
   0.011481536     0.12675115  0.076648 
   0.011748976     0.12938384  0.077573 
   0.012022644     0.13206188  0.078499 
   0.012302688     0.13478576  0.079426 
   0.012589254     0.13755598  0.080354 
   0.012882496     0.14037306  0.081282 
   0.013182567     0.14323748   0.08221 
   0.013489629     0.14614976  0.083139 
   0.013803843      0.1491104  0.084068 
   0.014125375     0.15211991  0.084996 
   0.014454398      0.1551788  0.085924 
   0.014791084     0.15828757  0.086852 
   0.015135612     0.16144675  0.087778 
   0.015488166     0.16465685  0.088704 
   0.015848932     0.16791838  0.089628 
   0.016218101     0.17123187  0.090552 
   0.016595869     0.17459784  0.091473 
   0.016982437     0.17801682  0.092393 
   0.017378008     0.18148933  0.093311 
   0.017782794     0.18501591  0.094228 
   0.018197009      0.1885971  0.095142 
   0.018620871     0.19223343  0.096053 
   0.019054607     0.19592545  0.096962 
   0.019498446      0.1996737  0.097869 
   0.019952623     0.20347875  0.098773 
   0.020417379     0.20734114  0.099673 
   0.020892961     0.21126143   0.10057 
   0.021379621     0.21524021   0.10147 
   0.021877616     0.21927802   0.10236 
   0.022387211     0.22337546   0.10324 
   0.022908677     0.22753311   0.10413 
   0.023442288     0.23175154   0.10501 
   0.023988329     0.23603136   0.10589 
   0.024547089     0.24037316   0.10676 
   0.025118864     0.24477755   0.10763 
   0.025703958     0.24924515   0.10849 
    0.02630268     0.25377656   0.10935 
   0.026915348     0.25837241   0.11021 
   0.027542287     0.26303334   0.11106 
   0.028183829     0.26775998   0.11191 
   0.028840315     0.27255298   0.11275 
   0.029512092     0.27741299   0.11358 
   0.030199517     0.28234067   0.11442 
   0.030902954     0.28733669   0.11524 
   0.031622777     0.29240172   0.11607 
   0.032359366     0.29753644   0.11688 
   0.033113112     0.30274155    0.1177 
   0.033884416     0.30801774    0.1185 
   0.034673685     0.31336572    0.1193 
   0.035481339      0.3187862    0.1201 
   0.036307805      0.3242799   0.12089 
   0.037153523     0.32984756   0.12168 
    0.03801894     0.33548992   0.12246 
   0.038904514     0.34120771   0.12323 
   0.039810717      0.3470017     0.124 
   0.040738028     0.35287265   0.12476 
   0.041686938     0.35882133   0.12552 
   0.042657952     0.36484852   0.12627 
   0.043651583     0.37095501   0.12702 
   0.044668359      0.3771416   0.12776 
   0.045708819     0.38340909   0.12849 
   0.046773514     0.38975829   0.12922 
   0.047863009     0.39619003   0.12994 
   0.048977882     0.40270513   0.13066 
   0.050118723     0.40930443   0.13137 
   0.051286138     0.41598878   0.13207 
   0.052480746     0.42275903   0.13277 
    0.05370318     0.42961604   0.13346 
   0.054954087     0.43656068   0.13415 
   0.056234133     0.44359382   0.13483 
   0.057543994     0.45071634    0.1355 
   0.058884366     0.45792913   0.13617 
   0.060255959     0.46523309   0.13683 
     0.0616595     0.47262912   0.13749 
   0.063095734     0.48011812   0.13814 
   0.064565423       0.487701   0.13878 
   0.066069345     0.49537869   0.13942 
   0.067608298      0.5031521   0.14005 
   0.069183097     0.51102216   0.14068 
   0.070794578      0.5189898    0.1413 
   0.072443596     0.52705596   0.14191 
   0.074131024     0.53522156   0.14252 
   0.075857758     0.54348756   0.14312 
   0.077624712      0.5518549   0.14371 
   0.079432823     0.56032451    0.1443 
   0.081283052     0.56889733   0.14489 
   0.083176377     0.57757433   0.14547 
   0.085113804     0.58635643   0.14604 
   0.087096359     0.59524458    0.1466 
   0.089125094     0.60423972   0.14716 
   0.091201084     0.61334279   0.14772 
    0.09332543     0.62255473   0.14826 
   0.095499259     0.63187646    0.1488 
   0.097723722     0.64130891   0.14934 
           0.1     0.65085302   0.14987 
     0.1023293     0.66051731    0.1504 
    0.10471285     0.67031096   0.15092 
    0.10715193     0.68023605   0.15143 
    0.10964782     0.69029472   0.15194 
    0.11220185      0.7004892   0.15245 
    0.11481536     0.71082178   0.15295 
    0.11748976     0.72129479   0.15344 
    0.12022644     0.73191068   0.15394 
    0.12302688     0.74267195   0.15442 
    0.12589254      0.7535812   0.15491 
    0.12882496     0.76464108   0.15539 
    0.13182567     0.77585437   0.15586 
    0.13489629     0.78722391   0.15633 
    0.13803843     0.79875266    0.1568 
    0.14125375     0.81044366   0.15726 
    0.14454398     0.82230007   0.15772 
    0.14791084     0.83432516   0.15818 
    0.15135612      0.8465223   0.15863 
    0.15488166       0.858895   0.15908 
    0.15848932     0.87144687   0.15952 
    0.16218101     0.88418169   0.15996 
    0.16595869     0.89710333    0.1604 
    0.16982437     0.91021585   0.16084 
    0.17378008     0.92352342   0.16127 
    0.17782794      0.9370304    0.1617 
    0.18197009     0.95074129   0.16212 
    0.18620871     0.96466078   0.16255 
    0.19054607     0.97879374   0.16297 
    0.19498446      0.9931452   0.16339 
    0.19952623      1.0077204    0.1638 
    0.20417379      1.0225249   0.16421 
    0.20892961      1.0375642   0.16462 
    0.21379621      1.0528443   0.16503 
    0.21877616      1.0683713   0.16544 
    0.22387211      1.0841516   0.16584 
    0.22908677      1.1001917   0.16625 
    0.23442288      1.1164987   0.16665 
    0.23988329      1.1330797   0.16705 
    0.24547089      1.1499421   0.16744 
    0.25118864      1.1670938   0.16784 
    0.25703958      1.1845427   0.16823 
     0.2630268      1.2022974   0.16863 
    0.26915348      1.2203666   0.16902 
    0.27542287      1.2387594   0.16941 
    0.28183829      1.2574854    0.1698 
    0.28840315      1.2765543    0.1702 
    0.29512092      1.2959766   0.17059 
    0.30199517       1.315763   0.17098 
    0.30902954      1.3359245   0.17137 
    0.31622777      1.3564728   0.17176 
    0.32359366        1.37742   0.17215 
    0.33113112      1.3987787   0.17254 
    0.33884416       1.420562   0.17293 
    0.34673685      1.4427834   0.17332 
    0.35481339      1.4654573   0.17372 
    0.36307805      1.4885982   0.17411 
    0.37153523      1.5122216   0.17451 
     0.3801894      1.5363434   0.17491 
    0.38904514      1.5609801   0.17531 
    0.39810717      1.5861491   0.17571 
    0.40738028      1.6118683   0.17611 
    0.41686938      1.6381562   0.17652 
    0.42657952      1.6650322   0.17693 
    0.43651583      1.6925164   0.17734 
    0.44668359      1.7206297   0.17775 
    0.45708819      1.7493938   0.17817 
    0.46773514      1.7788311    0.1786 
    0.47863009       1.808965   0.17902 
    0.48977882      1.8398198   0.17945 
    0.50118723      1.8714205   0.17989 
    0.51286138      1.9037933   0.18033 
    0.52480746      1.9369651   0.18078 
     0.5370318       1.970964   0.18123 
    0.54954087      2.0058191   0.18168 
    0.56234133      2.0415605   0.18215 
    0.57543994      2.0782193   0.18262 
    0.58884366      2.1158278    0.1831 
    0.60255959      2.1544197   0.18358 
      0.616595      2.1940294   0.18408 
    0.63095734      2.2346929   0.18458 
    0.64565423      2.2764473   0.18509 
    0.66069345      2.3193312   0.18561 
    0.67608298      2.3633844   0.18614 
    0.69183097       2.408648   0.18668 
    0.70794578      2.4551648   0.18723 
    0.72443596      2.5029788   0.18779 
    0.74131024      2.5521359   0.18837 
    0.75857758      2.6026832   0.18895 
    0.77624712      2.6546697   0.18955 
    0.79432823      2.7081462   0.19017 
    0.81283052       2.763165    0.1908 
    0.83176377      2.8197804   0.19144 
    0.85113804      2.8780487    0.1921 
    0.87096359       2.938028   0.19278 
    0.89125094      2.9997787   0.19348 
    0.91201084       3.063363   0.19419 
     0.9332543      3.1288458   0.19493 
    0.95499259      3.1962939   0.19568 
    0.97723722      3.2657769   0.19646 
             1      3.3373667   0.19726 
      1.023293      3.4111379   0.19808 
     1.0471285      3.4871678   0.19893 
     1.0715193      3.5655368   0.19981 
     1.0964782       3.646328   0.20071 
     1.1220185       3.729628   0.20164 
     1.1481536      3.8155262    0.2026 
     1.1748976      3.9041159   0.20359 
     1.2022644      3.9954936   0.20462 
     1.2302688      4.0897599   0.20568 
     1.2589254      4.1870189   0.20678 
     1.2882496       4.287379   0.20792 
     1.3182567      4.3909528   0.20909 
     1.3489629      4.4978574   0.21031 
     1.3803843      4.6082145   0.21157 
     1.4125375      4.7221505   0.21288 
     1.4454398      4.8397971   0.21424 
     1.4791084      4.9612911   0.21565 
     1.5135612      5.0867748   0.21711 
     1.5488166      5.2163963   0.21863 
     1.5848932      5.3503097   0.22021 
     1.6218101      5.4886752   0.22185 
     1.6595869      5.6316596   0.22356 
     1.6982437      5.7794365   0.22533 
     1.7378008      5.9321864   0.22718 
     1.7782794      6.0900973    0.2291 
     1.8197009      6.2533649    0.2311 
     1.8620871      6.4221927   0.23318 
     1.9054607      6.5967925   0.23535 
     1.9498446      6.7773848   0.23761 
     1.9952623      6.9641992   0.23997 
     2.0417379      7.1574743   0.24242 
     2.0892961      7.3574588   0.24498 
     2.1379621      7.5644112   0.24765 
     2.1877616      7.7786006   0.25044 
     2.2387211      8.0003071   0.25335 
     2.2908677       8.229822   0.25638 
     2.3442288      8.4674486   0.25955 
     2.3988329      8.7135023   0.26285 
     2.4547089      8.9683112    0.2663 
     2.5118864      9.2322168    0.2699 
     2.5703958      9.5055743   0.27366 
      2.630268      9.7887531   0.27759 
     2.6915348      10.082138   0.28168 
     2.7542287      10.386128   0.28597 
     2.8183829      10.701139   0.29044 
     2.8840315      11.027604   0.29511 
     2.9512092      11.365973   0.29998 
     3.0199517      11.716714   0.30508 
     3.0902954      12.080313    0.3104 
     3.1622777      12.457277   0.31595 
     3.2359366      12.848131   0.32175 
     3.3113112      13.253423   0.32781 
     3.3884416      13.673722   0.33413 
     3.4673685      14.109621   0.34073 
     3.5481339      14.561735   0.34762 
     3.6307805      15.030704   0.35482 
     3.7153523      15.517195   0.36233 
      3.801894      16.021899   0.37016 
     3.8904514      16.545537   0.37834 
     3.9810717      17.088859   0.38687 
     4.0738028      17.652643   0.39577 
     4.1686938        18.2377   0.40506 
     4.2657952      18.844873   0.41474 
     4.3651583      19.475038   0.42484 
     4.4668359      20.129107   0.43537 
     4.5708819       20.80803   0.44635 
     4.6773514      21.512792   0.45779 
     4.7863009      22.244421   0.46972 
     4.8977882      23.003984   0.48215 
     5.0118723      23.792593    0.4951 
     5.1286138      24.611403   0.50859 
     5.2480746      25.461618   0.52265 
      5.370318      26.344488    0.5373 
     5.4954087      27.261317   0.55255 
     5.6234133      28.213458   0.56843 
     5.7543994      29.202323   0.58497 
     5.8884366      30.229377   0.60219 
     6.0255959      31.296149   0.62011 
       6.16595      32.404227   0.63877 
     6.3095734      33.555266   0.65819 
     6.4565423      34.750986   0.67841 
     6.6069345      35.993179   0.69944 
     6.7608298       37.28371   0.72133 
     6.9183097       38.62452    0.7441 
     7.0794578      40.017628   0.76779 
     7.2443596      41.465139   0.79244 
     7.4131024      42.969242   0.81808 
     7.5857758      44.532214   0.84476 
     7.7624712      46.156429    0.8725 
     7.9432823      47.844356   0.90136 
     8.1283052      49.598567   0.93137 
     8.3176377      51.421737   0.96258 
     8.5113804      53.316654   0.99504 
     8.7096359      55.286219    1.0288 
     8.9125094      57.333454    1.0639 
     9.1201084      59.461502    1.1004 
      9.332543      61.673638    1.1383 
     9.5499259      63.973273    1.1778 
     9.7723722      66.363956    1.2188 
            10      68.849383    1.2615 
      10.23293      71.433405    1.3059 
     10.471285      74.120029     1.352 
     10.715193      76.913428    1.3999 
     10.964782      79.817948    1.4498 
     11.220185      82.838115    1.5016 
     11.481536      85.978642    1.5555 
     11.748976      89.244437    1.6116 
     12.022644      92.640609    1.6698 
     12.302688      96.172482    1.7304 
     12.589254      99.845598    1.7934 
     12.882496      103.66573    1.8589 
     13.182567      107.63889     1.927 
     13.489629      111.77134    1.9978 
     13.803843      116.06959    2.0714 
     14.125375      120.54045    2.1479 
     14.454398      125.19097    2.2275 
     14.791084      130.02854    2.3102 
     15.135612      135.06082    2.3963 
     15.488166       140.2958    2.4857 
     15.848932      145.74181    2.5788 
     16.218101      151.40751    2.6755 
     16.595869      157.30195    2.7761 
     16.982437      163.43451    2.8807 
     17.378008        169.815    2.9895 
     17.782794      176.45363    3.1026 
     18.197009      183.36102    3.2202 
     18.620871      190.54826    3.3426 
     19.054607      198.02686    3.4698 
     19.498446      205.80886    3.6021 
     19.952623      213.90676    3.7397 
     20.417379       222.3336    3.8829 
     20.892961      231.10297    4.0317 
     21.379621      240.22902    4.1866 
     21.877616      249.72649    4.3476 
     22.387211      259.61073    4.5151 
     22.908677      269.89774    4.6893 
     23.442288       280.6042    4.8706 
     23.988329      291.74745    5.0591 
     24.547089       303.3456    5.2552 
     25.118864      315.41748    5.4592 
     25.703958      327.98274    5.6714 
      26.30268      341.06182    5.8922 
     26.915348      354.67605    6.1219 
     27.542287      368.84763    6.3608 
     28.183829      383.59969    6.6094 
     28.840315      398.95634     6.868 
     29.512092       414.9427    7.1371 
     30.199517      431.58494     7.417 
     30.902954      448.91031    7.7083 
     31.622777      466.94724    8.0114 
     32.359366      485.72532    8.3267 
     33.113112      505.27541    8.6548 
     33.884416      525.62963    8.9962 
     34.673685      546.82149    9.3515 
     35.481339      568.88588    9.7212 
     36.307805      591.85916    10.106 
     37.153523      615.77923    10.506 
      38.01894      640.68556    10.923 
     38.904514      666.61932    11.356 
     39.810717      693.62336    11.808 
     40.738028      721.74238    12.277 
     41.686938      751.02293    12.766 
     42.657952      781.51355    13.274 
     43.651583      813.26478    13.804 
     44.668359      846.32933    14.355 
     45.708819       880.7621    14.928 
     46.773514      916.62034    15.525 
     47.863009      953.96368    16.146 
     48.977882      992.85427    16.793 
     50.118723      1033.3569    17.466 
     51.286138       1075.539    18.166 
     52.480746      1119.4711    18.896 
      53.70318      1165.2264    19.655 
     54.954087      1212.8813    20.445 
     56.234133      1262.5155    21.268 
     57.543994      1314.2121    22.124 
     58.884366      1368.0574    23.016 
     60.255959      1424.1418    23.944 
       61.6595      1482.5591     24.91 
     63.095734      1543.4074    25.916 
     64.565423      1606.7887    26.963 
     66.069345      1672.8094    28.054 
     67.608298      1741.5806    29.189 
     69.183097      1813.2177    30.371 
     70.794578      1887.8414    31.601 
     72.443596      1965.5771    32.883 
     74.131024      2046.5559    34.217 
     75.857758      2130.9141    35.606 
     77.624712      2218.7941    37.052 
     79.432823      2310.3441    38.558 
