#       energy         x-proj    sigmax 
#          MeV             um        um 
         1e-05  0.00060482403 0.00092783 
  1.023293e-05   0.0006143876 0.00093187 
 1.0471285e-05  0.00062390561 0.00094425 
 1.0715193e-05  0.00063340328 0.00095689 
 1.0964782e-05  0.00064290288 0.00096978 
 1.1220185e-05  0.00065242416 0.00098292 
 1.1481536e-05  0.00066198463 0.0009963 
 1.1748976e-05  0.00067159994 0.0010099 
 1.2022644e-05  0.00068128408 0.0010237 
 1.2302688e-05  0.00069104962 0.0010378 
 1.2589254e-05  0.00070090792 0.0010521 
 1.2882496e-05  0.00071086929 0.0010666 
 1.3182567e-05  0.00072094312 0.0010813 
 1.3489629e-05  0.00073113804 0.0010962 
 1.3803843e-05    0.000741462 0.0011113 
 1.4125375e-05  0.00075192239 0.0011267 
 1.4454398e-05   0.0007625261 0.0011422 
 1.4791084e-05  0.00077327962  0.001158 
 1.5135612e-05  0.00078418908  0.001174 
 1.5488166e-05  0.00079526033 0.0011902 
 1.5848932e-05  0.00080649896 0.0012067 
 1.6218101e-05  0.00081791037 0.0012233 
 1.6595869e-05  0.00082949978 0.0012402 
 1.6982437e-05  0.00084127228 0.0012574 
 1.7378008e-05  0.00085323286 0.0012747 
 1.7782794e-05  0.00086538643 0.0012923 
 1.8197009e-05  0.00087773783 0.0013102 
 1.8620871e-05  0.00089029189 0.0013282 
 1.9054607e-05  0.00090305338 0.0013466 
 1.9498446e-05   0.0009160271 0.0013652 
 1.9952623e-05  0.00092921782  0.001384 
 2.0417379e-05  0.00094263038 0.0014031 
 2.0892961e-05   0.0009562696 0.0014225 
 2.1379621e-05  0.00097014037 0.0014421 
 2.1877616e-05  0.00098424762  0.001462 
 2.2387211e-05  0.00099859636 0.0014822 
 2.2908677e-05   0.0010131916 0.0015027 
 2.3442288e-05   0.0010280385 0.0015234 
 2.3988329e-05   0.0010431423 0.0015445 
 2.4547089e-05   0.0010585083 0.0015658 
 2.5118864e-05   0.0010741418 0.0015875 
 2.5703958e-05   0.0010900483 0.0016095 
  2.630268e-05   0.0011062335 0.0016317 
 2.6915348e-05   0.0011227029 0.0016543 
 2.7542287e-05   0.0011394623 0.0016773 
 2.8183829e-05   0.0011565178 0.0017005 
 2.8840315e-05   0.0011738753 0.0017241 
 2.9512092e-05   0.0011915409 0.0017481 
 3.0199517e-05    0.001209521 0.0017724 
 3.0902954e-05   0.0012278219  0.001797 
 3.1622777e-05   0.0012464502 0.0018221 
 3.2359366e-05   0.0012654125 0.0018474 
 3.3113112e-05   0.0012847157 0.0018732 
 3.3884416e-05   0.0013043668 0.0018994 
 3.4673685e-05   0.0013243728 0.0019259 
 3.5481339e-05   0.0013447411 0.0019528 
 3.6307805e-05   0.0013654791 0.0019802 
 3.7153523e-05   0.0013865944 0.0020079 
  3.801894e-05   0.0014080947 0.0020361 
 3.8904514e-05    0.001429988 0.0020647 
 3.9810717e-05   0.0014522825 0.0020938 
 4.0738028e-05   0.0014749863 0.0021232 
 4.1686938e-05   0.0014981081 0.0021532 
 4.2657952e-05   0.0015216564 0.0021836 
 4.3651583e-05   0.0015456402 0.0022144 
 4.4668359e-05   0.0015700685 0.0022458 
 4.5708819e-05   0.0015949506 0.0022776 
 4.6773514e-05    0.001620296 0.0023099 
 4.7863009e-05   0.0016461144 0.0023427 
 4.8977882e-05   0.0016724158 0.0023761 
 5.0118723e-05   0.0016992103 0.0024099 
 5.1286138e-05   0.0017265082 0.0024443 
 5.2480746e-05   0.0017543202 0.0024793 
  5.370318e-05   0.0017826573 0.0025148 
 5.4954087e-05   0.0018115304 0.0025508 
 5.6234133e-05    0.001840951 0.0025874 
 5.7543994e-05   0.0018709308 0.0026246 
 5.8884366e-05   0.0019014817 0.0026624 
 6.0255959e-05   0.0019326157 0.0027008 
   6.16595e-05   0.0019643456 0.0027399 
 6.3095734e-05   0.0019966839 0.0027795 
 6.4565423e-05   0.0020296438 0.0028198 
 6.6069345e-05   0.0020632386 0.0028607 
 6.7608298e-05   0.0020974821 0.0029024 
 6.9183097e-05   0.0021323883 0.0029446 
 7.0794578e-05   0.0021679714 0.0029876 
 7.2443596e-05   0.0022042463 0.0030313 
 7.4131024e-05   0.0022412279 0.0030757 
 7.5857758e-05   0.0022789315 0.0031208 
 7.7624712e-05   0.0023173731 0.0031666 
 7.9432823e-05   0.0023565686 0.0032132 
 8.1283052e-05   0.0023965347 0.0032606 
 8.3176377e-05   0.0024372882 0.0033088 
 8.5113804e-05   0.0024788464 0.0033577 
 8.7096359e-05   0.0025212271 0.0034075 
 8.9125094e-05   0.0025644484 0.0034581 
 9.1201084e-05    0.002608529 0.0035096 
  9.332543e-05   0.0026534878 0.0035619 
 9.5499259e-05   0.0026993444 0.0036151 
 9.7723722e-05   0.0027461188 0.0036691 
        0.0001   0.0027938314 0.0037241 
  0.0001023293   0.0028425033   0.00378 
 0.00010471285   0.0028921557 0.0038369 
 0.00010715193   0.0029428109 0.0038947 
 0.00010964782   0.0029944912 0.0039536 
 0.00011220185   0.0030472198 0.0040134 
 0.00011481536   0.0031010203 0.0040742 
 0.00011748976    0.003155917 0.0041361 
 0.00012022644   0.0032119348  0.004199 
 0.00012302688   0.0032690989  0.004263 
 0.00012589254   0.0033274356 0.0043281 
 0.00012882496   0.0033869715 0.0043943 
 0.00013182567    0.003447734 0.0044617 
 0.00013489629   0.0035097512 0.0045302 
 0.00013803843   0.0035730519 0.0045999 
 0.00014125375   0.0036376654 0.0046708 
 0.00014454398    0.003703622  0.004743 
 0.00014791084   0.0037709528 0.0048164 
 0.00015135612   0.0038396893 0.0048911 
 0.00015488166   0.0039098642 0.0049671 
 0.00015848932   0.0039815107 0.0050444 
 0.00016218101   0.0040546632 0.0051231 
 0.00016595869   0.0041293566 0.0052032 
 0.00016982437   0.0042056268 0.0052847 
 0.00017378008   0.0042835107 0.0053676 
 0.00017782794   0.0043630461 0.0054519 
 0.00018197009   0.0044442716 0.0055378 
 0.00018620871    0.004527227 0.0056252 
 0.00019054607    0.004611953 0.0057141 
 0.00019498446   0.0046984913 0.0058046 
 0.00019952623   0.0047868847 0.0058968 
 0.00020417379   0.0048771771 0.0059905 
 0.00020892961   0.0049694135  0.006086 
 0.00021379621     0.00506364 0.0061832 
 0.00021877616    0.005159904 0.0062821 
 0.00022387211    0.005258254 0.0063827 
 0.00022908677   0.0053587398 0.0064852 
 0.00023442288   0.0054614124 0.0065896 
 0.00023988329   0.0055663241 0.0066958 
 0.00024547089   0.0056735287 0.0068039 
 0.00025118864   0.0057830812  0.006914 
 0.00025703958    0.005895038 0.0070261 
  0.0002630268   0.0060094571 0.0071403 
 0.00026915348   0.0061263979 0.0072565 
 0.00027542287   0.0062459213 0.0073719 
 0.00028183829   0.0063680897 0.0074904 
 0.00028840315   0.0064929674  0.007611 
 0.00029512092   0.0066206198 0.0077337 
 0.00030199517   0.0067511146 0.0078586 
 0.00030902954   0.0068845208 0.0079856 
 0.00031622777   0.0070209093  0.008115 
 0.00032359366   0.0071603529 0.0082466 
 0.00033113112   0.0073029262 0.0083805 
 0.00033884416   0.0074487056 0.0085167 
 0.00034673685   0.0075977696 0.0086554 
 0.00035481339   0.0077501987 0.0087965 
 0.00036307805   0.0079060753 0.0089402 
 0.00037153523   0.0080654842 0.0090863 
  0.0003801894   0.0082285122  0.009235 
 0.00038904514   0.0083952481 0.0093864 
 0.00039810717   0.0085657834 0.0095404 
 0.00040738028   0.0087402115 0.0096971 
 0.00041686938   0.0089186285 0.0098566 
 0.00042657952   0.0091011328  0.010019 
 0.00043651583   0.0092878253  0.010184 
 0.00044668359   0.0094788095  0.010352 
 0.00045708819   0.0096741915  0.010523 
 0.00046773514   0.0098740799  0.010697 
 0.00047863009    0.010078586  0.010874 
 0.00048977882    0.010287825  0.011055 
 0.00050118723    0.010501914  0.011238 
 0.00051286138    0.010720972  0.011425 
 0.00052480746    0.010945122  0.011614 
  0.0005370318    0.011174492  0.011808 
 0.00054954087     0.01140921  0.012004 
 0.00056234133    0.011649409  0.012204 
 0.00057543994    0.011895225  0.012408 
 0.00058884366    0.012146796  0.012615 
 0.00060255959    0.012404266  0.012825 
   0.000616595    0.012667781   0.01304 
 0.00063095734     0.01293749  0.013258 
 0.00064565423    0.013213547   0.01348 
 0.00066069345    0.013496109  0.013705 
 0.00067608298    0.013785337  0.013935 
 0.00069183097    0.014081395  0.014169 
 0.00070794578    0.014384453  0.014406 
 0.00072443596    0.014694683  0.014648 
 0.00074131024    0.015012262  0.014894 
 0.00075857758    0.015337372  0.015144 
 0.00077624712    0.015670198  0.015398 
 0.00079432823    0.016010929  0.015657 
 0.00081283052    0.016359761   0.01592 
 0.00083176377    0.016716893  0.016187 
 0.00085113804    0.017082527  0.016459 
 0.00087096359    0.017456872  0.016736 
 0.00089125094    0.017840142  0.017017 
 0.00091201084    0.018232553  0.017303 
  0.0009332543    0.018634331  0.017594 
 0.00095499259    0.019045701   0.01789 
 0.00097723722    0.019466899   0.01819 
         0.001    0.019898162  0.018496 
   0.001023293    0.020339734  0.018807 
  0.0010471285    0.020791864  0.019122 
  0.0010715193    0.021254809  0.019443 
  0.0010964782    0.021728827  0.019769 
  0.0011220185    0.022214185  0.020101 
  0.0011481536    0.022711156  0.020438 
  0.0011748976    0.023220017   0.02078 
  0.0012022644    0.023741053  0.021128 
  0.0012302688    0.024274552  0.021482 
  0.0012589254    0.024820812  0.021841 
  0.0012882496    0.025380134  0.022205 
  0.0013182567    0.025952828  0.022576 
  0.0013489629    0.026539209  0.022952 
  0.0013803843    0.027139598  0.023335 
  0.0014125375    0.027754323  0.023723 
  0.0014454398    0.028383721  0.024117 
  0.0014791084    0.029028131  0.024518 
  0.0015135612    0.029687904  0.024924 
  0.0015488166    0.030363395  0.025337 
  0.0015848932    0.031054965  0.025756 
  0.0016218101    0.031762986  0.026181 
  0.0016595869    0.032487833  0.026613 
  0.0016982437    0.033229892  0.027051 
  0.0017378008    0.033989553  0.027495 
  0.0017782794    0.034767216  0.027946 
  0.0018197009    0.035563287  0.028404 
  0.0018620871     0.03637818  0.028868 
  0.0019054607    0.037212317  0.029339 
  0.0019498446    0.038066127  0.029816 
  0.0019952623    0.038940047  0.030301 
  0.0020417379    0.039834523  0.030792 
  0.0020892961    0.040750008   0.03129 
  0.0021379621    0.041686962  0.031795 
  0.0021877616    0.042645855  0.032307 
  0.0022387211    0.043627163  0.032826 
  0.0022908677    0.044631373  0.033351 
  0.0023442288    0.045658977  0.033884 
  0.0023988329    0.046710478  0.034424 
  0.0024547089    0.047786386  0.034971 
  0.0025118864    0.048887219  0.035525 
  0.0025703958    0.050013505  0.036087 
   0.002630268    0.051165779  0.036655 
  0.0026915348    0.052344585   0.03723 
  0.0027542287    0.053550476  0.037813 
  0.0028183829    0.054784013  0.038403 
  0.0028840315    0.056045766     0.039 
  0.0029512092    0.057336314  0.039605 
  0.0030199517    0.058656244  0.040217 
  0.0030902954    0.060006152  0.040835 
  0.0031622777    0.061386644  0.041462 
  0.0032359366    0.062798332  0.042095 
  0.0033113112     0.06424184  0.042736 
  0.0033884416    0.065717799  0.043383 
  0.0034673685    0.067226849  0.044038 
  0.0035481339     0.06876964  0.044701 
  0.0036307805     0.07034683   0.04537 
  0.0037153523    0.071959086  0.046047 
   0.003801894    0.073607083   0.04673 
  0.0038904514    0.075291508  0.047421 
  0.0039810717    0.077013055  0.048119 
  0.0040738028    0.078772425  0.048824 
  0.0041686938    0.080570332  0.049536 
  0.0042657952    0.082407497  0.050255 
  0.0043651583    0.084284649  0.050981 
  0.0044668359    0.086202528  0.051713 
  0.0045708819    0.088161881  0.052453 
  0.0046773514    0.090163466  0.053199 
  0.0047863009     0.09220805  0.053953 
  0.0048977882    0.094296406  0.054712 
  0.0050118723     0.09642932  0.055479 
  0.0051286138    0.098607585  0.056252 
  0.0052480746       0.100832  0.057031 
   0.005370318     0.10310338  0.057817 
  0.0054954087     0.10542255  0.058609 
  0.0056234133     0.10779033  0.059408 
  0.0057543994     0.11020756  0.060213 
  0.0058884366     0.11267509  0.061023 
  0.0060255959     0.11519378   0.06184 
    0.00616595     0.11776448  0.062663 
  0.0063095734     0.12038808  0.063492 
  0.0064565423     0.12306546  0.064326 
  0.0066069345     0.12579751  0.065166 
  0.0067608298     0.12858513  0.066012 
  0.0069183097     0.13142923  0.066863 
  0.0070794578     0.13433074  0.067719 
  0.0072443596     0.13729057  0.068581 
  0.0074131024     0.14030967  0.069448 
  0.0075857758     0.14338898   0.07032 
  0.0077624712     0.14652945  0.071196 
  0.0079432823     0.14973206  0.072078 
  0.0081283052     0.15299778  0.072964 
  0.0083176377     0.15632758  0.073855 
  0.0085113804     0.15972246   0.07475 
  0.0087096359     0.16318342   0.07565 
  0.0089125094     0.16671147  0.076553 
  0.0091201084     0.17030763  0.077461 
   0.009332543     0.17397292  0.078373 
  0.0095499259     0.17770839  0.079288 
  0.0097723722     0.18151508  0.080208 
          0.01     0.18539404   0.08113 
    0.01023293     0.18934635  0.082056 
   0.010471285     0.19337307  0.082986 
   0.010715193     0.19747529  0.083918 
   0.010964782      0.2016541  0.084854 
   0.011220185     0.20591061  0.085792 
   0.011481536     0.21024593  0.086733 
   0.011748976     0.21466119  0.087677 
   0.012022644      0.2191575  0.088623 
   0.012302688     0.22373602  0.089571 
   0.012589254      0.2283979  0.090522 
   0.012882496      0.2331443  0.091474 
   0.013182567      0.2379764  0.092428 
   0.013489629     0.24289536  0.093384 
   0.013803843      0.2479024  0.094342 
   0.014125375      0.2529987  0.095301 
   0.014454398     0.25818549  0.096261 
   0.014791084     0.26346398  0.097222 
   0.015135612     0.26883542  0.098185 
   0.015488166     0.27430104  0.099148 
   0.015848932     0.27986211   0.10011 
   0.016218101      0.2855199   0.10108 
   0.016595869     0.29127567   0.10204 
   0.016982437     0.29713073   0.10301 
   0.017378008     0.30308637   0.10397 
   0.017782794     0.30914391   0.10494 
   0.018197009     0.31530467    0.1059 
   0.018620871        0.32157   0.10687 
   0.019054607     0.32794123   0.10783 
   0.019498446     0.33441974   0.10879 
   0.019952623      0.3410069   0.10976 
   0.020417379     0.34770409   0.11072 
   0.020892961     0.35451273   0.11168 
   0.021379621     0.36143421   0.11264 
   0.021877616     0.36846997    0.1136 
   0.022387211     0.37562145   0.11456 
   0.022908677      0.3828901   0.11552 
   0.023442288     0.39027739   0.11647 
   0.023988329     0.39778481   0.11742 
   0.024547089     0.40541385   0.11837 
   0.025118864     0.41316602   0.11932 
   0.025703958     0.42104286   0.12027 
    0.02630268     0.42904589   0.12122 
   0.026915348     0.43717668   0.12216 
   0.027542287     0.44543681    0.1231 
   0.028183829     0.45382785   0.12404 
   0.028840315     0.46235142   0.12497 
   0.029512092     0.47100914   0.12591 
   0.030199517     0.47980265   0.12684 
   0.030902954     0.48873359   0.12776 
   0.031622777     0.49780365   0.12869 
   0.032359366     0.50701452   0.12961 
   0.033113112     0.51636789   0.13052 
   0.033884416     0.52586551   0.13144 
   0.034673685      0.5355091   0.13235 
   0.035481339     0.54530045   0.13326 
   0.036307805     0.55524132   0.13416 
   0.037153523     0.56533353   0.13506 
    0.03801894     0.57557888   0.13596 
   0.038904514     0.58597924   0.13685 
   0.039810717     0.59653645   0.13774 
   0.040738028     0.60725241   0.13863 
   0.041686938     0.61812901   0.13951 
   0.042657952     0.62916818   0.14039 
   0.043651583     0.64037187   0.14126 
   0.044668359     0.65174205   0.14213 
   0.045708819      0.6632807   0.14299 
   0.046773514     0.67498986   0.14385 
   0.047863009     0.68687155   0.14471 
   0.048977882     0.69892784   0.14556 
   0.050118723     0.71116081   0.14641 
   0.051286138     0.72357257   0.14725 
   0.052480746     0.73616527   0.14809 
    0.05370318     0.74894105   0.14892 
   0.054954087     0.76190211   0.14975 
   0.056234133     0.77505065   0.15058 
   0.057543994     0.78838892    0.1514 
   0.058884366     0.80191918   0.15221 
   0.060255959     0.81564373   0.15302 
     0.0616595     0.82956488   0.15383 
   0.063095734     0.84368498   0.15463 
   0.064565423     0.85800641   0.15542 
   0.066069345     0.87253157   0.15621 
   0.067608298     0.88726291     0.157 
   0.069183097     0.90220288   0.15778 
   0.070794578     0.91735398   0.15856 
   0.072443596     0.93271873   0.15933 
   0.074131024      0.9482997    0.1601 
   0.075857758     0.96410254   0.16086 
   0.077624712     0.98014913   0.16162 
   0.079432823     0.99644716   0.16237 
   0.081283052      1.0130015   0.16312 
   0.083176377      1.0298171   0.16387 
   0.085113804      1.0468992   0.16461 
   0.087096359      1.0642532   0.16535 
   0.089125094      1.0818847   0.16609 
   0.091201084      1.0997994   0.16683 
    0.09332543      1.1180034   0.16756 
   0.095499259      1.1365029   0.16829 
   0.097723722      1.1553043   0.16902 
           0.1      1.1744145   0.16974 
     0.1023293      1.1938403   0.17046 
    0.10471285      1.2135891   0.17118 
    0.10715193      1.2336683    0.1719 
    0.10964782       1.254086   0.17261 
    0.11220185      1.2748501   0.17333 
    0.11481536      1.2959693   0.17404 
    0.11748976      1.3174523   0.17475 
    0.12022644      1.3393085   0.17546 
    0.12302688      1.3615474   0.17616 
    0.12589254       1.384179   0.17687 
    0.12882496      1.4072138   0.17758 
    0.13182567      1.4306627   0.17828 
    0.13489629      1.4545369   0.17899 
    0.13803843      1.4788483   0.17969 
    0.14125375      1.5036093   0.18039 
    0.14454398      1.5288328    0.1811 
    0.14791084      1.5545322    0.1818 
    0.15135612      1.5807215   0.18251 
    0.15488166      1.6074154   0.18321 
    0.15848932      1.6346291   0.18392 
    0.16218101      1.6623788   0.18463 
    0.16595869       1.690681   0.18534 
    0.16982437      1.7195533   0.18605 
    0.17378008      1.7490138   0.18676 
    0.17782794      1.7790816   0.18748 
    0.18197009      1.8097766    0.1882 
    0.18620871      1.8411196   0.18892 
    0.19054607      1.8731325   0.18965 
    0.19498446      1.9058378   0.19038 
    0.19952623      1.9392594   0.19112 
    0.20417379      1.9734221   0.19186 
    0.20892961      2.0083519    0.1926 
    0.21379621       2.044076   0.19335 
    0.21877616      2.0806228   0.19411 
    0.22387211      2.1180219   0.19487 
    0.22908677      2.1563044   0.19564 
    0.23442288      2.1955027   0.19642 
    0.23988329      2.2356508   0.19721 
    0.24547089      2.2767841     0.198 
    0.25118864      2.3189396    0.1988 
    0.25703958      2.3621561   0.19962 
     0.2630268      2.4064741   0.20044 
    0.26915348      2.4519358   0.20128 
    0.27542287      2.4985853   0.20213 
    0.28183829       2.546469   0.20299 
    0.28840315      2.5956348   0.20386 
    0.29512092      2.6461332   0.20475 
    0.30199517      2.6980167   0.20566 
    0.30902954      2.7513401   0.20658 
    0.31622777      2.8061607   0.20751 
    0.32359366      2.8625382   0.20847 
    0.33113112      2.9205348   0.20944 
    0.33884416      2.9802155   0.21044 
    0.34673685      3.0416481   0.21145 
    0.35481339      3.1049032   0.21249 
    0.36307805      3.1700543   0.21356 
    0.37153523       3.237178   0.21464 
     0.3801894      3.3063543   0.21576 
    0.38904514      3.3776662    0.2169 
    0.39810717      3.4512003   0.21808 
    0.40738028      3.5270466   0.21928 
    0.41686938      3.6052987   0.22052 
    0.42657952       3.686054   0.22179 
    0.43651583      3.7694139    0.2231 
    0.44668359      3.8554835   0.22445 
    0.45708819      3.9443722   0.22584 
    0.46773514      4.0361936   0.22727 
    0.47863009      4.1310656   0.22875 
    0.48977882      4.2291107   0.23028 
    0.50118723      4.3304559   0.23185 
    0.51286138       4.435233   0.23348 
    0.52480746      4.5435788   0.23517 
     0.5370318      4.6556351   0.23691 
    0.54954087      4.7715488   0.23872 
    0.56234133      4.8914722   0.24059 
    0.57543994      5.0155634   0.24252 
    0.58884366      5.1439857   0.24453 
    0.60255959      5.2769086   0.24662 
      0.616595      5.4145076   0.24878 
    0.63095734      5.5569642   0.25103 
    0.64565423      5.7044667   0.25336 
    0.66069345      5.8572096   0.25578 
    0.67608298      6.0153946    0.2583 
    0.69183097      6.1792302   0.26092 
    0.70794578      6.3489323   0.26364 
    0.72443596      6.5247243   0.26647 
    0.74131024      6.7068376   0.26942 
    0.75857758      6.8955113   0.27249 
    0.77624712      7.0909932   0.27568 
    0.79432823      7.2935394     0.279 
    0.81283052      7.5034153   0.28246 
    0.83176377      7.7208955   0.28607 
    0.85113804      7.9462641   0.28982 
    0.87096359      8.1798154   0.29373 
    0.89125094      8.4218539    0.2978 
    0.91201084       8.672695   0.30204 
     0.9332543      8.9326655   0.30645 
    0.95499259      9.2021035   0.31105 
    0.97723722      9.4813595   0.31584 
             1      9.7707965   0.32083 
      1.023293      10.070791   0.32603 
     1.0471285      10.381732   0.33144 
     1.0715193      10.704024   0.33708 
     1.0964782      11.038086   0.34295 
     1.1220185      11.384353   0.34906 
     1.1481536      11.743274   0.35543 
     1.1748976      12.115317   0.36205 
     1.2022644      12.500966   0.36894 
     1.2302688      12.900724   0.37612 
     1.2589254      13.315112   0.38359 
     1.2882496      13.744672   0.39135 
     1.3182567      14.189966   0.39944 
     1.3489629      14.651576   0.40784 
     1.3803843      15.130109   0.41659 
     1.4125375      15.626193   0.42568 
     1.4454398      16.140481   0.43514 
     1.4791084      16.673652   0.44497 
     1.5135612      17.226409   0.45519 
     1.5488166      17.799484   0.46581 
     1.5848932      18.393638   0.47684 
     1.6218101      19.009661   0.48831 
     1.6595869      19.648373   0.50023 
     1.6982437      20.310628   0.51261 
     1.7378008      20.997312   0.52546 
     1.7782794      21.709347   0.53882 
     1.8197009      22.447691   0.55269 
     1.8620871       23.21334   0.56709 
     1.9054607      24.007328   0.58204 
     1.9498446      24.830733   0.59756 
     1.9952623      25.684673   0.61367 
     2.0417379      26.570313    0.6304 
     2.0892961      27.488862   0.64776 
     2.1379621      28.441579   0.66577 
     2.1877616      29.429772   0.68447 
     2.2387211      30.454804   0.70387 
     2.2908677      31.518088   0.72401 
     2.3442288      32.621099    0.7449 
     2.3988329      33.765367   0.76657 
     2.4547089      34.952486   0.78906 
     2.5118864      36.184113   0.81239 
     2.5703958      37.461971   0.83659 
      2.630268      38.787854    0.8617 
     2.6915348      40.163628   0.88775 
     2.7542287      41.591234   0.91477 
     2.8183829       43.07269    0.9428 
     2.8840315      44.610099   0.97188 
     2.9512092      46.205645     1.002 
     3.0199517      47.861604    1.0333 
     3.0902954      49.580342    1.0658 
     3.1622777       51.36432    1.0994 
     3.2359366      53.216103    1.1344 
     3.3113112      55.138355    1.1706 
     3.3884416      57.133851    1.2082 
     3.4673685      59.205478    1.2472 
     3.5481339      61.356241    1.2876 
     3.6307805      63.589267    1.3296 
     3.7153523      65.907809    1.3731 
      3.801894      68.315254    1.4182 
     3.8904514      70.815125    1.4651 
     3.9810717      73.411092    1.5137 
     4.0738028      76.106971    1.5641 
     4.1686938      78.906736    1.6164 
     4.2657952      81.814522    1.6707 
     4.3651583      84.834633     1.727 
     4.4668359      87.971549    1.7855 
     4.5708819      91.229933    1.8461 
     4.6773514       94.61464    1.9091 
     4.7863009      98.130722    1.9744 
     4.8977882      101.78344    2.0422 
     5.0118723      105.57826    2.1125 
     5.1286138      109.52089    2.1856 
     5.2480746      113.61727    2.2613 
      5.370318      117.87355      2.34 
     5.4954087      122.29619    2.4217 
     5.6234133      126.89186    2.5064 
     5.7543994      131.66753    2.5944 
     5.8884366      136.63047    2.6857 
     6.0255959      141.78822    2.7806 
       6.16595      147.14864     2.879 
     6.3095734      152.71993    2.9812 
     6.4565423      158.51059    3.0874 
     6.6069345      164.52952    3.1976 
     6.7608298      170.78594     3.312 
     6.9183097      177.28948    3.4308 
     7.0794578      184.05015    3.5542 
     7.2443596      191.07838    3.6824 
     7.4131024      198.38503    3.8154 
     7.5857758      205.98142    3.9537 
     7.7624712       213.8793    4.0972 
     7.9432823      222.09096    4.2463 
     8.1283052      230.62914    4.4012 
     8.3176377      239.50715    4.5621 
     8.5113804      248.73883    4.7293 
     8.7096359       258.3386    4.9029 
     8.9125094      268.32147    5.0833 
     9.1201084      278.70308    5.2707 
      9.332543      289.49971    5.4654 
     9.5499259      300.72832    5.6677 
     9.7723722      312.40656    5.8779 
            10      324.55284    6.0963 
      10.23293       337.1863    6.3232 
     10.471285       350.3269     6.559 
     10.715193      363.99541    6.8041 
     10.964782      378.21347    7.0588 
     11.220185      393.00362    7.3235 
     11.481536      408.38934    7.5986 
     11.748976      424.39508    7.8845 
     12.022644       441.0463    8.1816 
     12.302688      458.36953    8.4905 
     12.589254       476.3924    8.8116 
     12.882496      495.14369    9.1453 
     13.182567      514.65337    9.4922 
     13.489629      534.95268    9.8529 
     13.803843      556.07414    10.228 
     14.125375      578.05163    10.618 
     14.454398      600.92045    11.023 
     14.791084      624.71736    11.444 
     15.135612      649.48066    11.882 
     15.488166      675.25026    12.338 
     15.848932       702.0677    12.811 
     16.218101       729.9763    13.303 
     16.595869      759.02116    13.815 
     16.982437      789.24926    14.348 
     17.378008      820.70957    14.902 
     17.782794      853.45308    15.477 
     18.197009      887.53293    16.076 
     18.620871      923.00448    16.699 
     19.054607      959.92539    17.346 
     19.498446      998.35575     18.02 
     19.952623      1038.3582    18.721 
     20.417379      1079.9979    19.449 
     20.892961      1123.3428    20.207 
     21.379621      1168.4637    20.995 
     21.877616      1215.4345    21.815 
     22.387211      1264.3319    22.668 
     22.908677      1315.2361    23.556 
     23.442288      1368.2304    24.479 
     23.988329       1423.402    25.439 
     24.547089      1480.8412    26.438 
     25.118864      1540.6426    27.477 
     25.703958      1602.9044    28.558 
      26.30268      1667.7293    29.683 
     26.915348       1735.224    30.853 
     27.542287      1805.4997    32.071 
     28.183829      1878.6726    33.338 
     28.840315      1954.8633    34.656 
     29.512092      2034.1978    36.027 
     30.199517      2116.8074    37.454 
     30.902954      2202.8288    38.939 
     31.622777      2292.4045    40.485 
     32.359366       2385.683    42.093 
     33.113112      2482.8191    43.766 
     33.884416      2583.9741    45.507 
     34.673685      2689.3159    47.319 
     35.481339      2799.0199    49.205 
     36.307805      2913.2685    51.168 
     37.153523      3032.2519     53.21 
      38.01894      3156.1685    55.336 
     38.904514      3285.2249    57.549 
     39.810717      3419.6363    59.852 
     40.738028      3559.6273    62.248 
     41.686938      3705.4318    64.743 
     42.657952      3857.2935    67.339 
     43.651583      4015.4666    70.042 
     44.668359      4180.2158    72.855 
     45.708819      4351.8171    75.784 
     46.773514      4530.5584    78.832 
     47.863009      4716.7393    82.005 
     48.977882      4910.6724    85.308 
     50.118723      5112.6835    88.747 
     51.286138       5323.112    92.326 
     52.480746       5542.312    96.052 
      53.70318      5770.6521    99.932 
     54.954087      6008.5169    103.97 
     56.234133      6256.3072    108.17 
     57.543994      6514.4407    112.55 
     58.884366      6783.3528    117.11 
     60.255959      7063.4975    121.85 
       61.6595      7355.3477    126.79 
     63.095734      7659.3967    131.94 
     64.565423      7976.1586    137.29 
     66.069345      8306.1693    142.87 
     67.608298      8649.9873    148.68 
     69.183097      9008.1949    154.72 
     70.794578      9381.3992    161.02 
     72.443596       9770.233    167.57 
     74.131024      10175.356     174.4 
     75.857758      10597.455     181.5 
     77.624712      11037.249    188.91 
     79.432823      11495.483    196.61 
